1000 9888
406 847
355 821
337 866
873 816
608 419
422 421
480 790
857 452
821 161
797 80
555 125
612 122
63 290
215 615
660 720
294 114
721 422
326 214
639 656
36 525
626 285
739 198
135 921
393 492
844 315
301 433
118 48
965 537
804 665
165 961
661 972
373 110
451 812
269 99
731 792
455 632
114 826
832 241
338 390
984 428
857 674
140 14
541 648
123 953
262 729
707 373
588 613
383 379
314 862
905 837
727 710
598 714
413 666
359 194
241 947
438 247
979 977
407 584
197 884
315 489
656 491
270 863
794 361
506 779
19 926
231 746
629 51
977 434
595 895
353 632
465 102
181 162
932 558
384 972
975 584
525 937
285 388
988 709
60 900
521 622
186 1000
229 231
121 998
256 293
55 943
764 211
779 283
160 833
159 669
955 722
137 119
422 80
649 492
462 881
159 53
503 159
321 648
513 621
331 801
415 825
339 515
835 390
86 284
416 776
499 387
937 186
41 397
23 293
942 581
246 470
69 551
195 884
494 426
442 747
324 891
84 164
265 15
398 938
330 36
937 84
791 913
939 642
322 640
970 20
610 111
926 891
433 134
288 655
163 365
678 444
844 908
64 486
727 885
767 20
241 974
628 750
653 195
654 548
602 797
785 459
694 384
103 370
660 391
163 169
419 307
167 657
243 87
832 520
82 427
366 787
646 833
651 93
29 833
727 302
911 423
948 476
500 588
339 395
788 1
521 394
828 770
924 577
372 646
177 944
975 750
346 25
55 947
96 704
85 444
158 424
513 687
661 479
129 678
518 440
248 918
155 674
941 831
302 695
108 642
21 993
584 595
749 135
860 800
165 214
994 366
550 72
264 249
47 214
674 572
327 198
916 993
501 147
705 3
210 611
355 406
468 95
269 90
108 70
19 591
904 775
729 310
303 783
326 164
830 532
779 994
490 405
182 487
255 151
190 390
675 674
641 630
129 282
662 940
455 870
867 638
915 960
513 444
529 422
893 221
614 260
743 96
999 506
750 964
667 548
870 109
449 775
436 571
879 273
243 51
954 835
648 746
698 69
88 528
976 830
306 360
134 224
349 240
453 790
543 733
746 491
358 925
825 24
965 827
312 69
593 84
458 652
924 980
411 651
393 132
34 686
843 652
536 212
332 399
694 613
611 265
493 192
631 218
856 672
322 260
270 370
972 206
756 853
193 583
29 395
416 816
680 541
493 702
868 414
192 855
672 97
400 356
458 38
369 577
444 117
136 318
178 728
930 920
771 388
295 962
202 287
338 419
122 506
511 140
369 675
838 111
219 733
625 626
365 823
362 207
865 60
205 563
25 437
250 632
324 135
162 742
777 164
662 59
496 776
667 915
483 830
706 359
677 121
440 619
385 729
448 730
79 57
510 392
996 503
228 857
465 121
928 895
432 846
681 781
646 777
925 479
357 396
603 428
813 446
184 40
224 607
958 926
677 894
678 521
54 279
938 113
21 726
649 482
747 794
532 198
260 257
852 735
890 530
651 720
754 69
649 503
506 394
660 984
697 483
758 993
960 635
356 392
673 346
221 534
867 28
133 320
227 445
502 97
430 258
35 718
914 183
4 179
153 671
99 247
999 920
676 476
217 401
847 661
4 465
121 109
361 574
371 501
842 417
861 234
330 370
205 582
520 926
746 826
33 829
984 715
767 192
663 791
130 189
974 810
119 945
500 949
22 319
12 185
713 28
988 130
880 571
296 604
712 836
286 187
785 520
64 583
305 355
695 186
774 303
547 256
733 916
239 95
132 635
997 15
530 850
358 635
785 955
276 186
719 598
845 847
405 538
835 77
176 510
968 874
424 968
315 773
744 241
273 741
817 724
378 258
513 755
492 382
204 138
631 237
83 811
688 583
82 810
43 304
195 601
288 85
768 431
240 382
85 106
708 482
895 537
911 804
476 697
60 440
44 981
562 534
843 204
754 474
649 862
597 112
544 100
249 226
340 15
880 12
567 713
126 395
656 423
847 361
4 437
440 356
122 306
692 634
272 5
715 299
405 311
305 963
681 39
991 607
831 778
297 615
323 739
465 158
509 212
755 740
573 427
496 961
922 229
797 791
466 233
121 885
234 93
816 319
871 795
654 839
987 294
642 151
516 876
152 151
794 330
500 687
998 154
525 746
641 469
113 582
220 318
684 397
671 145
394 207
713 491
453 672
370 254
647 424
374 353
392 484
599 979
803 322
983 112
911 471
200 385
256 147
744 350
617 208
781 967
360 71
473 360
91 809
705 597
759 670
744 237
63 391
835 182
643 779
789 521
298 20
279 899
754 141
661 591
95 903
406 598
834 21
414 721
588 4
724 617
772 451
496 244
213 627
389 925
728 447
503 275
910 81
415 925
471 881
972 314
667 300
170 268
672 690
446 593
784 512
835 926
900 446
62 385
949 100
331 480
494 812
979 332
448 887
190 549
451 743
13 84
676 276
970 9
629 276
478 480
448 819
411 441
128 689
934 567
295 831
852 420
802 689
965 899
359 180
571 500
607 466
461 740
158 668
235 507
684 700
850 212
300 181
951 118
811 707
757 259
79 299
194 707
121 609
716 892
475 214
516 832
77 310
194 754
941 461
784 392
185 877
797 654
674 443
158 739
676 541
76 449
557 270
760 870
851 529
416 262
694 937
590 238
78 386
67 175
512 32
967 512
652 114
309 534
545 424
548 821
95 874
467 659
692 472
877 932
750 210
473 102
200 746
937 471
186 837
193 103
754 222
60 497
563 474
104 469
123 339
89 423
680 542
471 789
19 396
39 625
777 344
31 673
126 737
161 995
827 718
243 671
832 376
207 352
444 118
502 292
984 35
731 830
681 5
511 62
978 577
266 709
174 970
840 674
362 298
913 938
809 233
97 207
816 256
592 199
891 549
932 225
202 258
279 394
666 248
945 362
339 231
233 424
40 991
210 904
508 613
515 313
849 501
137 931
224 659
908 344
931 9
200 29
533 837
206 23
984 987
732 43
182 12
789 28
889 512
926 415
655 711
306 872
682 675
77 171
629 590
864 49
674 479
158 180
894 354
785 990
275 376
42 661
46 777
103 744
15 378
237 822
717 108
423 225
869 433
962 373
983 425
786 935
436 92
328 637
312 98
543 35
392 154
1000 79
551 122
964 926
164 757
679 150
57 899
26 754
639 658
431 441
934 32
113 180
853 80
526 174
178 872
919 325
729 83
416 716
937 126
214 437
539 222
61 174
390 812
851 410
622 625
421 294
83 315
11 227
710 244
589 279
594 597
249 912
440 129
571 463
311 200
135 798
248 216
236 491
28 750
783 878
698 966
738 455
704 219
905 980
585 72
694 442
180 663
976 699
409 866
466 149
353 160
550 777
521 801
577 877
500 852
86 517
275 694
11 208
431 827
140 564
664 134
479 591
673 840
179 796
189 742
962 294
730 826
915 868
932 782
621 692
640 477
237 171
11 592
534 953
788 851
551 785
694 691
626 93
130 790
661 554
815 485
63 320
263 770
674 935
894 858
511 690
352 793
170 390
208 733
890 265
673 357
882 661
757 551
867 59
643 490
27 81
959 632
394 928
307 449
30 256
540 145
616 535
889 13
672 281
59 465
244 979
27 895
850 426
965 797
804 413
329 123
520 812
171 776
562 91
693 899
426 854
278 927
851 75
687 305
733 51
185 662
37 413
672 965
585 100
374 790
931 193
558 288
281 308
120 268
175 976
826 88
310 185
594 12
78 133
104 768
158 125
73 523
807 336
845 157
372 529
284 691
899 376
630 972
556 719
526 699
432 629
164 984
809 695
760 325
650 255
213 373
238 152
973 283
441 890
960 902
497 607
178 639
740 473
126 921
894 999
697 425
865 799
994 765
137 226
303 213
696 111
436 298
369 147
783 906
138 668
741 549
930 656
701 339
251 252
212 384
505 250
348 576
75 184
863 163
222 57
4 372
135 674
687 913
66 989
782 959
970 167
827 530
828 201
524 722
220 686
987 808
235 79
382 818
296 985
838 1
128 690
386 246
876 355
282 112
335 190
466 59
417 517
326 983
635 471
315 593
357 803
663 701
171 675
944 481
478 99
13 779
510 368
483 738
998 135
727 351
965 454
41 511
441 218
124 359
866 74
937 794
73 791
577 843
318 519
489 464
953 224
715 84
359 909
651 857
603 96
878 170
309 245
293 720
845 483
650 147
134 256
377 935
718 195
846 52
865 970
256 414
612 65
597 499
821 251
532 258
386 628
332 280
62 241
122 836
493 633
363 434
218 467
402 234
652 718
190 789
764 362
855 541
643 405
632 972
355 295
374 65
218 757
681 251
517 261
847 514
463 789
908 682
675 917
948 391
161 851
843 347
424 251
61 250
54 621
308 917
348 842
258 126
351 593
300 997
942 460
780 596
169 852
855 496
456 315
554 572
667 887
26 117
84 803
56 152
88 422
324 360
533 610
383 721
75 736
701 684
872 882
713 102
141 501
658 673
861 422
576 314
478 654
281 210
787 330
413 981
675 446
237 753
245 783
591 242
578 815
580 353
708 446
943 689
914 985
665 485
301 913
27 945
792 31
737 459
59 675
816 38
691 86
894 355
767 755
840 700
38 607
703 859
225 776
523 161
986 461
346 44
649 283
812 321
65 972
337 871
545 474
218 226
879 235
60 705
190 319
781 671
267 717
569 61
590 485
399 896
463 693
839 318
626 393
866 504
303 750
118 277
845 38
142 603
877 24
680 620
518 672
867 30
687 875
5 175
601 238
433 556
182 865
131 165
939 522
959 583
212 440
231 492
359 315
89 307
179 923
683 513
170 596
83 333
815 4
715 765
192 83
944 516
619 796
670 936
274 585
956 45
410 185
672 732
451 591
89 638
328 258
101 563
266 984
680 282
268 190
754 971
335 886
763 891
913 576
863 749
337 374
669 73
644 633
90 550
287 896
901 900
812 225
745 258
708 402
983 776
453 569
147 386
383 952
167 895
793 180
562 840
558 372
855 306
784 465
345 573
876 879
137 147
402 588
827 341
648 667
501 819
816 849
191 43
910 575
181 65
589 68
38 970
308 68
275 117
460 143
469 575
284 509
582 970
17 734
894 968
136 794
200 752
288 912
208 847
541 3
514 945
604 677
432 433
155 505
143 328
259 327
260 148
8 197
728 340
946 439
51 41
625 252
593 606
460 595
658 326
213 773
268 493
531 465
849 994
313 960
465 985
467 119
434 852
421 682
206 400
460 896
124 462
32 647
987 749
992 773
25 450
432 460
359 227
365 910
918 236
611 586
563 751
804 195
770 376
358 423
58 493
477 485
851 168
242 683
376 887
784 430
162 14
608 34
898 442
228 787
300 384
56 996
627 111
138 510
523 152
462 660
423 281
933 252
882 355
503 426
422 262
794 925
579 385
122 732
129 522
189 634
685 533
626 239
402 997
158 990
483 18
83 713
708 985
322 140
363 568
164 703
860 652
865 798
259 645
78 753
123 472
765 521
507 889
414 727
401 180
900 154
646 418
27 286
375 294
51 148
269 373
930 657
592 336
853 464
443 590
777 290
212 385
123 294
51 5
640 998
236 127
293 192
758 412
170 669
979 481
652 521
9 537
247 921
308 515
665 397
477 916
127 581
692 937
605 408
738 59
877 623
307 475
806 445
63 324
740 876
102 269
654 404
162 622
312 345
594 941
7 282
430 871
234 476
219 912
71 659
519 767
760 172
102 111
267 6
141 545
550 967
96 52
586 332
429 358
175 774
641 390
521 888
224 872
797 539
513 204
56 529
341 978
354 778
319 216
172 794
566 75
163 932
498 45
206 842
299 36
651 971
747 674
976 192
79 39
981 561
319 958
621 746
214 192
364 597
769 693
521 308
613 902
462 914
413 342
40 690
275 173
39 444
830 409
467 661
303 379
968 642
77 602
74 672
551 438
312 789
636 400
938 969
613 713
319 626
900 13
321 842
506 198
880 455
644 10
627 850
577 57
444 112
74 21
311 448
921 564
406 444
652 444
988 484
625 486
273 265
511 137
940 457
123 546
942 461
174 59
47 299
967 965
966 439
269 861
861 131
956 249
979 72
510 30
239 384
216 531
576 396
667 999
462 225
616 925
301 93
158 766
822 641
269 575
900 396
989 144
258 304
166 905
499 412
462 16
393 527
159 208
641 369
552 308
736 177
419 383
497 579
667 517
871 861
340 987
508 325
189 463
383 903
104 714
12 581
231 595
125 204
785 835
966 797
317 641
664 219
114 174
846 199
793 505
546 3
765 397
672 5
146 757
953 3
536 21
935 806
480 955
58 374
898 907
640 499
289 155
254 765
886 722
86 42
181 782
679 3
402 45
955 827
647 545
485 664
549 531
255 566
956 635
422 187
338 830
657 560
304 154
359 596
821 847
222 103
298 415
395 747
658 175
331 477
856 552
951 376
230 557
231 380
367 337
603 665
921 528
247 186
676 302
568 687
177 474
131 979
499 685
705 490
409 213
27 770
266 630
818 11
893 581
641 514
754 889
884 824
580 529
68 461
605 226
932 406
310 262
257 138
301 65
304 235
196 425
399 724
880 574
699 466
164 577
376 237
456 133
516 651
102 902
717 347
989 406
707 861
871 982
787 789
676 704
551 980
103 429
208 260
582 670
108 869
640 551
138 480
759 831
327 666
699 170
669 171
743 748
34 866
787 416
716 330
57 195
904 324
560 294
564 310
602 97
380 343
511 559
829 662
186 904
759 469
834 12
86 161
15 239
311 836
458 264
576 763
665 862
597 283
328 787
454 852
97 585
459 942
80 409
762 845
778 982
598 191
804 669
821 980
221 744
131 128
482 244
528 99
965 761
692 807
368 243
771 399
740 619
165 965
190 524
377 11
140 289
456 662
454 385
754 699
577 402
995 805
36 993
442 440
705 502
64 506
657 363
733 384
92 264
898 119
546 677
983 600
845 599
607 520
865 121
261 678
387 631
918 347
93 771
701 580
12 303
2 757
959 399
45 305
708 503
11 97
133 670
150 532
389 292
197 519
509 789
310 814
138 247
525 969
565 812
214 330
91 189
369 307
208 127
371 733
834 735
802 417
587 957
441 254
555 155
958 804
270 234
420 691
556 775
579 190
119 105
817 757
35 988
821 229
34 761
109 83
626 127
665 905
460 259
134 580
302 554
817 838
414 724
381 799
312 890
532 5
722 829
338 774
49 889
355 269
257 645
19 482
648 466
316 160
248 598
230 538
237 228
641 831
578 711
468 841
683 584
795 50
839 837
363 20
683 470
338 801
994 174
118 798
102 435
174 28
925 828
876 206
568 615
53 993
644 708
205 954
238 232
121 155
999 16
251 673
644 619
349 507
81 517
443 58
127 826
757 415
244 70
742 461
286 359
380 646
487 674
54 963
310 121
516 700
556 385
979 890
266 243
395 477
15 988
254 778
590 928
556 272
314 231
150 577
235 531
780 968
124 754
766 161
16 549
56 530
559 860
798 851
436 805
589 297
124 464
916 478
220 547
975 957
337 889
859 156
273 529
328 580
705 566
480 783
216 485
253 789
463 292
717 167
756 947
781 745
760 146
752 582
274 12
869 526
998 803
125 781
865 682
97 265
356 615
273 93
478 22
632 974
781 317
329 326
202 220
115 787
477 838
768 433
235 924
109 635
668 189
773 570
529 932
248 481
283 290
235 45
642 359
407 861
799 463
856 143
570 558
933 309
794 205
23 813
448 897
25 441
23 898
651 477
192 390
697 347
785 407
883 404
332 694
97 287
7 398
802 946
324 18
487 710
210 386
439 867
667 516
7 31
278 476
68 31
286 210
626 737
609 277
521 667
258 595
647 207
480 751
962 575
292 520
747 611
875 566
508 181
20 73
77 168
439 513
530 874
659 626
627 38
426 243
803 900
651 195
103 741
513 969
381 387
128 361
902 197
337 869
600 925
674 188
911 185
971 482
110 50
76 198
833 453
389 175
882 760
983 283
347 573
534 771
612 103
652 910
100 851
892 215
219 197
144 765
416 114
289 484
865 837
19 471
743 860
985 476
198 467
715 199
240 165
666 897
667 376
669 778
31 753
736 837
553 369
695 986
32 805
922 678
153 298
636 946
784 587
70 936
347 143
424 74
118 932
1000 925
974 669
444 132
541 530
671 583
766 579
692 610
179 849
932 177
650 846
373 139
547 474
451 561
417 737
770 167
658 928
853 514
653 866
813 404
407 583
656 81
520 343
929 300
571 174
827 24
665 165
41 643
300 639
941 112
245 611
926 732
654 879
234 244
253 184
290 162
715 847
756 17
794 370
813 182
427 775
963 345
984 924
271 702
328 960
918 915
208 374
776 936
120 354
911 467
638 932
396 905
881 593
477 982
498 483
119 497
587 771
384 880
133 859
86 853
307 616
716 756
473 294
122 553
602 255
674 192
893 460
986 94
40 764
95 798
725 755
561 626
195 716
203 233
555 92
811 502
43 768
834 13
820 72
986 880
54 510
192 757
501 373
411 917
198 863
621 100
542 126
494 241
575 375
133 416
375 219
619 591
925 644
476 548
688 808
653 826
310 585
213 771
674 759
235 983
607 183
40 199
265 53
277 550
539 191
338 468
382 187
785 19
958 805
770 873
994 139
390 926
503 847
732 571
624 148
908 174
162 584
241 961
700 200
922 126
319 245
548 20
931 996
404 876
685 173
98 521
465 266
373 385
600 507
729 665
568 793
988 98
168 615
354 25
300 92
374 789
438 502
918 972
498 293
153 326
462 504
879 361
846 98
945 883
328 628
537 153
404 416
780 523
51 685
363 911
72 368
918 665
868 988
798 931
413 479
252 105
270 376
843 534
372 910
384 715
756 553
812 267
371 589
924 973
940 647
472 948
695 606
819 735
886 539
616 43
119 104
307 866
82 817
535 922
937 511
407 263
595 97
290 905
513 588
623 409
773 914
422 192
83 952
507 1000
386 689
188 261
219 990
601 36
213 182
92 937
109 773
899 853
351 856
437 561
213 807
952 937
921 606
659 102
721 398
454 806
984 506
625 504
240 858
481 64
35 883
969 507
577 750
810 940
838 151
552 60
956 326
267 427
96 71
738 394
810 783
625 106
617 747
979 908
84 744
710 876
949 556
35 36
955 119
831 520
970 757
104 577
785 724
625 917
609 264
244 357
376 917
674 324
289 802
91 506
93 520
186 410
906 201
998 277
105 202
14 499
107 884
626 988
646 945
869 8
247 356
673 139
410 853
285 71
234 625
769 282
32 196
846 792
354 618
25 570
707 50
411 529
925 482
772 766
223 284
71 221
302 261
32 345
86 12
364 742
555 23
518 409
904 285
359 989
610 637
312 936
520 333
441 516
619 745
32 39
714 527
331 213
795 834
317 26
798 603
416 821
736 954
721 885
297 550
902 450
468 9
98 26
83 690
321 761
486 669
899 222
154 395
1000 817
433 368
474 418
469 530
92 723
300 992
528 259
411 409
625 629
166 685
850 402
5 865
463 421
799 351
412 869
809 399
704 243
465 705
136 895
230 67
286 305
988 187
6 944
459 683
829 538
840 354
474 672
441 281
928 773
139 110
966 625
658 810
111 922
239 209
556 245
630 61
690 623
733 907
310 868
112 987
836 404
973 13
309 260
976 799
594 354
501 860
816 936
319 79
581 632
103 740
142 716
368 533
686 733
636 408
67 143
768 186
879 244
38 828
461 443
545 72
229 943
506 292
124 219
151 454
955 829
62 1
991 140
385 904
795 945
373 677
209 588
247 140
194 312
491 358
971 80
832 442
575 338
133 331
407 188
486 607
527 159
843 26
311 512
721 77
704 3
969 704
252 964
753 873
278 314
889 281
467 239
732 673
839 895
770 898
496 365
848 722
597 953
487 33
41 855
525 61
417 736
605 335
715 659
952 703
202 290
723 252
10 625
743 193
102 203
304 286
33 816
567 823
152 650
184 81
442 132
163 469
779 271
49 46
413 517
514 80
324 931
96 15
758 561
854 816
533 869
127 578
845 915
774 401
996 513
894 416
381 211
328 961
437 161
941 273
219 105
203 684
917 216
910 915
399 138
882 378
648 670
918 754
131 670
446 147
893 765
954 718
354 530
116 693
834 872
462 601
748 678
610 292
146 358
899 700
403 429
497 58
248 896
872 90
339 338
432 683
498 928
863 260
789 609
518 353
565 171
613 813
209 543
998 793
69 783
513 615
753 90
955 950
26 722
218 262
469 150
587 479
400 387
327 216
916 971
19 203
350 139
575 374
62 287
765 836
110 695
397 490
109 800
259 473
523 872
230 636
530 68
108 88
515 808
757 837
819 631
226 143
570 798
521 80
67 830
446 875
514 355
331 729
667 131
78 236
68 412
732 939
35 301
681 355
492 934
245 292
159 116
702 52
978 438
63 744
841 599
599 572
314 94
860 83
814 803
290 807
883 252
276 406
390 106
470 964
823 960
641 388
239 9
422 603
777 568
635 732
742 144
585 723
197 517
54 182
292 751
224 275
354 724
315 582
470 917
823 742
280 286
711 641
803 586
111 289
938 303
337 684
470 384
294 210
846 991
189 488
265 424
32 429
711 423
969 860
621 821
803 936
952 110
244 322
118 289
9 979
48 903
717 733
513 194
569 235
240 159
222 259
613 722
178 861
967 95
550 205
733 833
286 356
516 911
134 783
218 541
645 376
190 607
748 221
508 922
714 861
252 780
892 174
874 519
568 762
753 642
60 46
944 601
176 563
800 477
748 387
288 673
18 630
607 328
240 682
41 943
641 584
889 764
542 664
322 1000
159 104
788 632
558 102
873 368
709 26
490 192
789 113
954 211
383 543
930 956
171 679
281 363
543 135
968 491
9 268
580 152
176 206
784 397
200 196
826 120
699 250
442 566
276 25
884 310
647 122
885 539
324 365
819 393
919 922
368 346
738 975
857 894
262 943
489 699
900 737
759 620
461 261
90 81
643 215
609 971
189 411
178 652
929 972
640 409
114 506
406 900
303 260
446 879
833 591
414 679
630 633
646 498
649 46
429 686
287 297
587 278
648 634
436 266
726 498
613 758
108 985
374 42
670 519
982 277
971 4
402 377
574 227
268 16
434 166
494 141
2 418
203 367
22 929
856 115
69 394
749 280
550 459
787 519
883 858
863 703
170 527
248 483
139 596
378 874
382 850
737 801
495 529
994 176
227 579
156 605
657 416
515 30
308 768
296 840
334 256
325 451
491 999
718 426
420 297
643 78
653 261
413 544
417 549
276 360
405 76
23 525
82 75
529 904
306 515
457 949
738 542
721 200
723 430
871 862
429 327
286 208
215 218
901 573
135 501
980 694
68 936
196 229
161 350
692 433
733 906
717 261
112 988
21 510
613 372
171 417
869 218
708 978
546 175
510 620
480 975
523 165
726 428
998 385
471 259
493 199
247 504
48 658
143 45
57 164
565 4
124 212
659 195
199 266
695 641
311 972
256 638
111 462
248 980
247 30
26 689
514 937
750 243
421 237
955 941
725 319
925 269
104 423
583 817
35 871
145 219
753 14
557 834
328 254
748 775
341 439
14 455
951 930
365 465
972 383
88 634
425 900
583 87
985 252
35 581
329 352
568 798
191 826
362 504
804 279
13 944
115 672
755 668
598 483
948 253
72 557
951 753
329 66
292 82
274 581
614 533
384 114
266 629
680 59
440 832
779 689
525 397
55 194
614 375
101 384
950 888
814 772
660 490
435 953
681 945
443 386
776 75
964 32
858 559
451 143
287 797
717 344
712 40
245 520
220 711
8 943
336 460
501 910
379 366
531 605
750 339
767 659
570 61
552 960
113 702
495 316
946 924
103 779
465 47
698 345
313 189
388 809
808 852
635 895
48 525
583 759
358 814
877 982
270 188
668 279
869 690
962 116
32 497
216 334
710 482
843 987
146 9
990 670
13 146
282 633
356 426
914 2
200 950
717 591
239 333
353 420
298 495
691 332
819 131
450 546
490 631
682 393
701 187
259 472
960 379
789 903
662 718
482 866
653 905
719 440
666 308
908 217
891 627
31 922
639 241
89 557
474 805
771 83
996 994
600 223
619 141
564 161
675 655
922 124
210 954
192 337
230 441
432 448
644 513
300 207
176 965
84 726
250 698
985 975
991 891
957 951
561 502
193 938
840 187
841 838
390 136
111 876
261 581
873 437
177 382
160 921
119 550
393 806
712 68
901 713
556 77
974 452
229 179
217 603
470 167
825 916
111 179
148 704
668 550
707 88
156 498
712 290
181 929
219 274
66 274
555 156
351 369
82 998
543 631
359 810
105 415
574 795
617 500
907 616
969 835
74 569
38 212
812 555
317 387
55 361
490 841
252 696
401 168
420 924
259 278
612 136
298 304
194 353
468 134
606 426
716 222
899 966
577 160
461 637
710 388
322 477
434 131
930 796
960 327
785 108
14 302
736 766
846 897
596 346
769 645
161 827
308 958
999 188
838 122
785 142
714 60
457 45
301 484
193 763
267 348
396 440
760 321
906 637
563 862
859 567
954 353
116 20
667 908
873 375
31 45
969 164
760 31
836 156
709 170
125 435
384 109
116 810
285 291
769 126
592 583
231 932
63 882
873 34
272 705
258 876
958 997
116 968
272 309
781 916
764 844
399 205
510 704
738 959
647 283
778 300
323 319
824 376
588 497
280 490
998 708
216 488
380 299
147 122
228 375
523 518
915 385
61 249
799 999
626 497
293 398
811 321
705 966
796 59
778 538
449 128
804 542
458 222
264 363
728 272
191 688
749 390
878 602
977 964
994 111
672 471
400 234
813 634
743 505
175 767
273 269
24 949
62 641
191 999
430 165
14 548
164 113
438 880
207 61
158 595
303 526
666 21
927 23
19 959
205 556
318 789
637 553
908 455
344 428
658 666
715 983
257 211
963 465
533 847
440 626
349 766
337 158
599 706
673 582
385 288
613 482
850 980
745 186
48 38
746 133
858 507
90 865
237 526
38 705
168 863
388 528
979 633
854 615
203 531
404 346
950 106
190 367
194 882
820 930
659 484
315 650
399 33
437 414
534 548
150 829
565 417
148 144
103 887
248 728
751 955
851 785
800 781
536 823
722 734
725 333
764 421
881 71
972 154
759 98
924 213
283 199
123 388
35 870
520 506
925 701
964 837
635 421
169 125
339 845
729 85
787 949
516 29
241 469
652 461
984 789
856 80
583 231
643 146
718 890
667 8
671 576
585 903
624 107
585 611
880 197
74 132
917 576
519 908
118 837
139 448
68 442
529 184
475 424
986 738
164 442
79 203
699 849
859 639
325 311
54 799
405 111
922 315
504 294
396 678
257 424
508 1000
450 443
582 496
310 215
202 996
977 426
719 633
929 335
819 847
81 14
855 446
17 806
475 848
113 701
699 914
792 112
243 270
764 884
211 876
17 951
308 210
384 738
960 769
7 960
431 660
566 337
404 696
539 711
460 132
134 461
618 608
726 574
930 420
579 855
462 889
691 689
263 888
913 415
679 566
481 637
136 48
484 608
565 313
71 64
693 228
66 832
644 566
431 200
383 195
946 842
277 690
506 250
217 325
240 930
493 528
593 994
776 350
10 942
487 246
344 832
364 259
934 947
574 410
805 875
141 197
110 902
239 742
934 514
370 851
331 731
704 31
927 351
491 785
296 769
405 417
279 456
283 525
712 649
269 754
914 745
220 96
485 490
172 259
852 365
158 826
609 112
77 442
191 278
524 255
11 20
768 649
347 473
300 494
780 800
323 919
513 251
290 52
38 702
591 294
613 314
523 14
712 69
987 221
860 325
592 747
827 372
479 937
523 159
29 970
431 586
936 687
659 431
271 957
690 791
821 463
949 58
950 749
788 248
616 99
246 590
356 154
821 112
523 458
105 559
18 142
692 412
830 113
144 568
648 248
152 999
499 813
977 653
541 260
65 459
247 999
801 447
490 616
986 629
501 104
622 576
970 161
365 553
832 130
706 743
84 55
412 638
184 645
115 667
739 373
819 301
288 675
558 138
5 778
762 289
858 928
433 43
641 590
399 874
115 953
831 855
348 160
893 762
620 854
219 919
770 29
789 303
646 616
854 783
505 538
966 761
418 931
999 747
266 255
340 972
396 622
236 877
171 310
245 969
410 702
341 650
841 754
825 725
629 627
328 910
177 746
146 635
552 522
863 922
189 695
873 178
992 501
659 677
186 763
156 985
776 12
102 575
397 539
988 564
95 706
207 900
668 442
137 38
416 251
380 292
46 536
881 292
52 6
596 699
448 315
891 1
326 316
381 831
368 450
84 142
302 437
798 606
364 22
866 304
957 231
230 939
415 742
566 837
246 80
147 569
633 660
559 132
887 283
783 460
930 912
400 235
678 274
892 578
294 523
13 113
215 117
922 915
343 607
663 392
939 992
10 600
227 978
157 791
144 398
715 633
310 319
681 697
206 380
816 400
407 575
980 355
429 419
379 792
50 984
71 882
572 949
63 546
409 911
176 910
15 911
56 724
642 167
723 432
119 715
999 359
747 470
876 754
558 354
12 578
713 475
287 712
698 97
277 626
759 904
725 776
742 862
724 701
376 547
622 384
676 568
589 937
555 313
573 912
959 427
686 625
47 749
284 753
584 471
566 219
329 968
238 120
416 168
860 595
976 48
43 907
641 919
990 529
1000 232
169 817
795 517
463 691
327 678
821 217
787 105
934 456
937 308
791 561
289 478
562 923
84 427
535 588
114 766
904 26
929 697
714 945
324 527
357 565
501 32
217 409
97 883
980 50
249 40
268 86
625 389
658 990
978 687
192 216
301 410
214 901
508 674
35 306
163 457
185 641
666 496
575 864
279 423
127 725
11 616
975 31
135 164
836 823
954 294
496 812
667 631
210 246
619 350
432 4
570 374
370 496
958 753
44 113
263 145
608 28
664 798
148 183
354 860
177 673
737 489
722 383
650 480
523 114
245 818
128 474
493 280
81 414
600 974
608 489
367 880
522 9
262 772
873 795
160 858
177 94
285 789
759 291
635 881
617 286
946 764
378 266
674 847
927 643
452 976
542 377
497 392
299 670
137 207
996 712
159 954
158 728
810 46
208 724
482 431
801 289
929 724
605 891
71 67
866 265
967 5
951 896
438 765
754 466
60 295
278 362
260 801
689 657
445 507
394 939
892 699
71 235
922 317
849 996
541 754
949 569
106 967
679 836
317 515
984 256
550 755
241 965
311 37
629 90
187 507
820 490
693 829
361 316
89 973
552 467
499 426
214 643
676 956
128 890
805 528
771 896
216 211
689 63
543 172
276 401
632 63
637 306
263 979
676 658
551 353
664 890
96 268
264 584
409 609
858 291
107 797
916 911
413 475
648 524
425 501
851 859
717 410
532 134
607 51
848 51
768 276
473 18
78 763
541 225
890 453
946 627
985 495
968 763
346 691
113 228
890 308
598 109
372 394
138 647
868 483
445 430
322 475
985 137
144 999
342 542
37 100
293 202
886 219
408 651
246 213
340 410
417 835
549 106
127 114
885 745
32 586
952 651
148 580
673 937
761 125
482 614
909 227
699 307
58 681
865 47
559 295
942 149
470 682
521 896
685 141
82 98
300 173
447 686
875 803
456 115
6 34
348 723
738 633
300 625
262 241
708 321
672 855
759 822
461 79
633 390
29 651
750 559
196 546
425 846
692 943
579 325
318 699
836 444
30 15
380 976
436 802
829 789
152 409
542 234
506 554
741 53
691 861
798 899
309 254
95 717
25 687
462 916
368 741
920 700
407 438
337 542
998 853
94 414
919 603
193 624
352 984
95 112
939 406
652 709
887 571
109 852
916 910
173 567
175 25
433 394
605 724
661 958
991 475
982 981
9 213
516 202
665 628
637 852
49 715
162 938
126 459
644 790
277 459
979 225
476 189
529 867
453 155
184 896
884 849
97 417
704 247
119 932
819 550
396 301
272 355
921 122
150 260
559 680
84 520
323 816
625 550
524 660
244 470
101 331
429 324
124 700
55 270
594 60
498 361
758 715
564 740
746 131
654 950
628 227
774 203
150 721
686 519
582 969
33 453
56 930
663 813
557 362
320 791
997 99
925 198
29 945
211 850
638 879
539 844
846 888
479 881
462 577
198 631
199 374
458 572
539 765
557 524
261 95
339 351
507 217
695 642
422 34
65 231
247 27
928 163
869 450
859 413
74 639
130 957
402 182
21 800
902 619
247 136
756 354
568 121
326 555
71 94
398 186
437 592
867 7
208 632
887 472
523 755
106 703
251 314
89 395
891 30
594 795
847 638
633 710
631 983
912 405
308 594
717 650
170 607
101 969
905 512
174 895
361 916
544 358
643 148
884 608
41 202
21 824
305 845
748 439
163 379
898 570
183 868
23 223
152 864
46 36
672 723
620 249
417 740
898 109
239 573
576 127
575 867
623 462
583 404
732 882
163 89
775 710
44 332
14 51
324 236
936 65
307 39
186 141
277 50
334 811
301 204
563 521
267 68
770 373
183 296
519 338
741 718
444 692
985 820
840 17
81 243
101 240
708 712
309 483
384 151
869 251
262 987
961 38
107 816
570 56
169 737
613 230
337 811
695 448
96 574
556 765
243 385
669 165
526 598
477 801
130 895
17 398
204 44
869 302
428 676
341 133
640 324
934 410
630 565
522 872
373 532
490 848
911 958
441 576
27 267
212 261
29 473
654 9
346 591
95 72
23 319
844 337
437 805
374 396
954 2
725 50
84 174
909 395
877 279
40 204
705 174
339 984
537 917
849 987
666 307
571 656
1000 781
196 582
491 848
474 800
455 999
6 707
387 351
895 8
55 661
887 992
21 293
214 785
399 641
37 532
978 434
655 400
913 2
220 17
702 949
252 802
484 398
525 656
908 280
68 205
803 50
689 399
546 496
695 145
132 689
561 213
564 732
387 487
418 238
113 718
205 54
996 263
172 833
210 396
708 147
506 535
290 276
627 485
258 822
43 52
906 250
447 129
238 49
169 622
726 346
322 866
458 628
475 574
424 572
422 27
820 186
703 949
308 470
790 854
59 400
43 867
137 234
324 856
235 244
333 918
751 114
352 940
630 307
833 83
174 725
875 440
123 319
71 183
882 512
504 206
728 166
965 711
325 824
472 356
255 443
994 57
351 980
856 10
987 800
568 766
112 266
538 474
792 966
543 646
709 339
620 178
88 291
2 111
334 296
705 468
870 942
638 474
16 95
71 763
762 414
747 206
50 818
590 648
348 51
48 223
875 802
641 583
44 171
210 191
232 411
163 847
182 57
383 1000
43 485
82 389
945 769
777 461
347 107
440 695
889 732
96 408
759 599
760 879
80 684
269 414
121 827
765 482
755 898
636 94
172 948
432 521
750 505
536 175
792 217
740 183
426 59
632 229
462 772
321 304
655 223
187 811
169 868
151 972
958 36
359 553
730 143
19 294
169 245
298 275
192 818
229 761
855 533
344 109
863 126
387 219
133 483
688 870
819 252
565 480
1 845
53 700
365 634
863 143
633 666
175 137
198 26
1 766
737 692
95 422
5 586
301 291
339 912
53 862
940 638
979 224
482 920
250 428
13 448
767 65
182 473
329 59
961 558
361 362
433 85
955 129
309 970
366 661
44 361
482 762
653 257
840 280
162 764
680 353
129 493
663 360
372 699
943 712
529 908
362 983
589 532
578 807
443 378
561 51
926 373
379 632
306 654
2 695
941 296
963 240
457 667
521 750
360 490
399 189
536 493
864 970
683 270
149 422
333 393
451 133
29 944
376 660
786 525
327 687
542 86
204 9
703 33
307 816
580 129
18 325
271 149
772 366
534 773
114 282
78 641
762 606
959 792
262 568
531 1
773 68
80 293
505 893
257 295
786 209
515 533
368 480
207 553
190 825
875 499
795 210
317 170
965 526
32 806
584 883
282 178
675 953
386 916
739 318
723 933
944 918
62 721
690 230
654 309
567 620
933 322
975 251
212 10
267 264
766 724
760 810
688 7
761 52
248 225
378 65
857 585
131 758
262 412
559 734
78 312
128 912
113 749
9 529
165 956
139 48
451 226
769 153
2 744
849 459
632 37
654 992
366 770
438 415
370 321
103 735
742 233
194 947
488 140
164 676
877 414
958 977
799 573
154 753
581 694
911 453
489 742
91 86
272 780
426 239
348 876
647 463
979 271
343 977
927 623
128 331
555 180
95 759
901 320
425 415
582 947
986 88
40 738
831 171
521 373
759 317
841 274
394 533
983 309
721 366
631 231
833 340
463 657
946 589
359 992
678 924
237 452
996 770
203 124
352 786
4 123
886 979
230 791
981 69
284 155
584 945
750 473
934 69
882 650
425 91
428 587
856 140
490 627
903 799
670 722
821 590
350 555
387 416
316 10
162 864
344 835
438 541
577 363
357 707
875 138
126 256
130 117
224 280
369 188
762 264
54 732
942 62
257 239
59 39
611 626
353 838
675 401
897 959
921 49
741 656
614 230
7 460
393 584
790 89
362 815
828 388
590 847
295 337
211 702
345 752
426 403
78 176
655 518
217 558
38 524
95 565
670 265
25 951
488 601
805 719
327 742
54 314
220 598
773 472
393 4
533 312
556 879
66 78
352 15
483 141
302 851
801 112
722 530
501 561
651 530
85 306
752 593
808 707
401 275
774 589
921 996
43 866
213 94
621 433
215 544
701 505
80 493
706 81
468 908
476 663
293 103
960 300
751 680
398 994
936 325
274 340
819 16
433 509
550 416
330 79
359 456
417 833
919 106
357 743
412 1000
36 12
849 855
356 416
45 842
317 549
163 147
819 351
58 695
812 953
386 382
685 378
297 585
504 387
175 552
951 475
21 146
477 336
120 83
705 990
948 927
242 666
206 1
942 541
76 533
828 612
6 232
929 411
693 418
381 150
936 733
439 570
615 445
928 733
627 83
668 663
377 844
51 655
768 37
368 569
630 801
63 92
781 993
820 889
87 330
180 472
477 810
552 811
699 588
132 347
243 632
707 457
160 132
754 84
38 869
833 355
875 606
161 302
891 2
748 905
14 125
216 898
326 307
95 114
722 896
507 906
998 499
165 64
95 131
977 750
407 7
28 216
377 490
557 387
14 415
979 389
227 360
801 713
931 614
17 218
365 522
46 159
305 807
568 667
382 855
438 965
274 602
370 775
779 571
937 87
511 262
224 192
518 948
887 939
838 245
785 511
861 12
755 569
202 667
19 963
258 409
872 891
275 341
12 136
513 405
453 298
590 741
738 424
996 619
334 86
390 420
299 122
236 844
720 605
974 102
580 249
183 484
958 570
500 536
161 142
605 405
163 584
609 520
976 789
29 911
581 610
176 467
345 458
788 204
593 28
503 664
655 796
843 724
727 907
555 216
204 875
646 177
885 909
466 718
604 555
926 646
475 633
39 344
243 709
281 928
514 930
199 150
660 740
700 921
596 730
134 519
982 475
786 206
535 585
350 145
212 338
341 434
919 847
592 272
98 73
316 240
775 529
1 680
273 435
114 873
972 459
611 157
649 952
227 644
291 931
148 792
774 956
939 803
232 905
751 957
509 483
608 421
112 339
225 20
245 473
652 303
671 733
193 566
69 139
571 473
425 587
157 760
417 619
126 199
827 160
757 431
443 187
391 72
380 709
660 503
281 294
879 338
726 216
207 805
197 555
346 247
510 546
485 596
353 398
355 639
688 391
677 950
920 937
561 905
985 581
111 267
560 335
358 848
403 435
887 235
651 745
555 85
902 954
520 907
610 575
701 468
575 495
223 207
134 739
1000 691
820 454
400 505
471 870
833 271
644 319
140 878
783 438
35 663
818 882
356 693
984 118
948 465
550 389
383 92
443 795
427 647
682 83
799 622
487 242
62 744
614 603
249 969
196 576
415 486
291 812
59 344
524 774
407 642
211 5
324 5
602 894
767 24
453 192
476 103
439 793
154 239
214 791
817 940
575 813
567 785
230 253
535 567
244 106
997 660
248 109
94 285
396 759
490 214
141 660
442 21
817 71
211 720
858 669
695 98
955 209
777 721
944 78
817 208
410 678
512 642
452 317
146 896
474 277
609 342
818 713
498 431
651 73
103 580
967 755
560 13
444 952
393 954
589 142
517 945
220 599
138 846
930 226
364 618
981 661
322 18
845 326
441 640
263 715
513 724
496 144
385 857
395 300
572 591
915 473
865 646
701 504
423 534
961 107
231 493
143 695
91 750
402 512
278 410
372 485
571 837
899 858
347 905
442 659
194 901
853 399
847 673
478 348
458 91
252 889
787 606
459 561
580 691
780 301
875 105
876 198
149 746
847 455
723 205
339 212
447 602
361 285
803 242
250 343
895 344
571 382
425 885
519 758
802 26
872 943
11 935
339 306
133 964
914 856
521 790
745 304
837 352
825 616
128 200
295 372
405 788
978 182
138 433
436 702
879 394
719 765
686 494
836 447
323 4
73 557
648 717
883 790
212 788
485 312
436 988
94 720
333 372
9 134
86 916
214 217
416 128
643 963
492 411
739 618
797 86
69 943
358 792
986 17
734 915
950 636
535 838
368 280
313 361
481 991
557 694
62 108
778 293
925 434
492 619
527 482
765 691
804 805
215 598
164 708
790 880
336 34
593 354
830 17
977 963
381 827
677 907
332 353
762 794
216 186
877 187
53 521
298 416
83 714
763 188
680 664
364 161
114 952
758 497
117 503
245 162
179 513
766 988
752 58
127 130
674 179
838 456
784 916
641 573
92 345
240 716
314 847
847 475
587 288
836 584
874 263
177 253
110 813
419 8
311 110
387 550
318 798
84 676
983 536
931 933
220 224
755 681
883 412
811 651
663 362
46 344
747 317
824 878
616 872
241 748
691 556
978 11
617 857
193 917
819 969
380 785
958 140
573 714
86 615
343 12
881 941
239 79
884 272
427 49
211 998
711 801
323 224
767 741
360 865
565 876
124 99
678 660
328 616
39 458
761 834
281 822
583 521
216 457
87 478
485 170
130 777
648 894
95 947
892 239
394 718
513 540
238 969
539 540
26 761
942 971
999 686
356 444
38 96
70 384
776 73
117 681
597 255
49 953
856 311
61 818
678 80
226 115
857 915
216 5
677 152
734 459
130 333
409 386
467 244
892 659
715 426
712 800
917 986
719 418
459 616
992 972
965 814
434 934
821 872
952 727
685 415
244 881
117 237
128 849
694 706
81 828
989 41
202 301
221 95
577 68
116 427
137 994
466 102
139 340
582 184
433 119
948 818
291 17
241 942
906 574
390 359
887 831
927 388
675 503
380 599
235 444
770 381
760 237
267 121
346 466
54 899
883 233
901 906
518 652
381 236
625 995
594 31
768 865
859 897
508 209
418 201
744 479
104 958
176 283
582 663
894 645
626 799
608 382
106 832
185 35
593 238
356 28
588 423
146 718
755 366
315 785
858 109
717 150
208 938
544 692
542 451
801 219
198 533
215 681
19 130
845 306
759 428
463 659
209 528
119 13
748 579
485 675
130 924
39 716
354 59
905 246
446 726
1 439
218 401
381 995
352 899
908 968
832 413
544 1
985 177
862 190
69 452
297 151
395 526
892 576
109 938
827 515
700 371
517 323
60 146
544 239
250 256
414 37
469 610
787 581
245 11
852 37
981 391
760 444
103 50
107 439
435 588
466 74
249 810
459 473
343 752
456 460
754 997
956 297
779 288
338 16
751 286
643 183
850 810
149 24
459 508
917 35
441 346
7 95
154 561
928 836
180 561
846 106
869 139
906 903
700 473
424 201
113 707
3 861
736 595
397 865
324 647
487 885
418 348
59 594
81 510
137 444
263 548
846 951
226 516
483 143
925 60
855 17
384 626
579 169
617 510
677 540
238 790
958 15
433 640
506 470
363 451
492 229
700 578
313 558
151 794
781 447
753 968
921 772
285 705
217 315
645 353
350 505
244 612
127 233
419 863
148 866
844 711
97 846
646 233
540 200
236 659
412 635
306 210
415 308
74 118
634 398
616 653
585 834
397 554
996 908
98 707
170 820
67 912
819 673
512 851
685 376
876 485
474 549
673 705
529 933
789 155
702 852
149 60
477 479
172 115
836 154
16 911
201 389
77 298
498 321
244 365
651 231
745 192
817 243
868 770
91 498
185 889
759 931
209 3
742 183
500 518
301 563
125 175
824 153
167 910
495 269
43 132
246 909
281 575
781 910
963 772
656 605
440 408
574 735
629 656
388 856
802 474
217 810
346 974
773 331
833 496
741 199
449 113
547 530
435 713
384 606
388 126
47 923
303 269
126 928
911 66
513 567
458 486
166 63
792 506
632 575
105 671
688 559
145 240
255 661
481 696
762 795
299 619
382 744
237 283
610 855
791 782
92 810
722 937
450 612
1000 938
549 953
736 656
933 474
477 974
120 693
780 323
839 800
438 987
352 280
776 490
814 166
525 17
916 304
496 238
454 337
572 108
222 973
575 843
779 650
323 534
680 213
809 503
738 311
483 988
524 94
345 995
239 867
449 845
945 64
127 598
837 383
497 633
499 23
923 649
642 851
898 457
943 459
522 429
872 682
648 502
376 953
160 742
94 915
628 239
538 659
461 192
778 130
447 759
580 10
288 9
2 734
548 259
397 856
789 770
369 353
901 728
890 837
156 385
466 745
160 964
569 360
788 206
94 717
879 204
647 373
464 458
835 237
602 224
105 456
593 419
578 281
206 590
907 601
454 580
436 215
535 869
60 587
333 769
425 322
407 470
674 919
843 820
293 475
331 24
598 247
498 523
825 402
130 644
562 615
834 192
51 214
456 902
473 872
457 339
312 682
762 942
808 330
607 90
870 697
615 639
1000 902
469 589
944 202
183 755
922 833
335 436
173 313
703 758
823 387
886 289
559 389
943 794
213 569
805 773
847 446
157 758
586 180
858 275
121 459
214 888
36 292
137 971
444 705
428 62
67 646
965 353
107 633
626 683
447 371
712 960
660 352
426 442
802 177
413 125
163 921
516 915
42 746
134 10
372 513
646 119
167 86
538 614
354 699
530 737
932 818
826 285
851 834
981 767
85 426
177 791
878 105
626 254
130 891
459 237
631 371
544 693
462 976
691 518
334 628
324 977
678 768
196 606
863 268
220 770
631 224
597 432
851 928
51 276
549 573
863 413
354 255
527 74
696 206
625 24
553 715
810 186
479 277
49 932
529 338
892 466
450 573
164 499
411 764
408 773
575 719
996 997
639 408
247 658
288 447
812 282
312 565
136 739
306 320
162 895
507 658
681 73
524 689
766 612
583 342
456 751
371 476
972 955
923 309
766 759
13 261
865 6
83 193
139 371
345 938
514 157
228 593
504 473
379 711
529 952
116 174
353 692
843 651
49 211
177 486
291 362
664 976
737 302
43 509
693 587
15 627
183 441
959 264
119 575
51 775
181 779
197 525
661 158
630 937
223 525
794 625
580 66
30 423
17 772
879 86
756 643
370 66
833 634
9 360
617 195
198 852
32 432
129 519
964 601
336 205
544 610
427 294
302 854
138 991
251 954
582 914
566 311
215 735
511 612
609 784
218 295
251 43
752 596
768 489
790 874
352 834
39 354
852 765
872 205
378 154
313 742
644 251
882 858
243 812
122 167
855 525
678 14
313 670
761 452
578 146
652 685
672 83
787 898
22 925
687 933
104 322
782 907
684 877
810 432
18 735
247 143
212 217
80 262
127 974
22 110
81 738
151 334
559 445
317 546
325 577
378 560
362 221
422 926
932 65
93 91
337 393
10 561
653 281
940 470
913 628
589 667
310 452
718 449
421 853
996 739
943 560
33 609
451 302
396 661
441 260
906 838
139 125
488 809
128 202
771 624
976 526
388 660
225 542
284 965
30 225
948 356
637 886
772 818
954 61
96 301
370 132
559 870
945 662
436 815
646 942
690 719
926 78
843 604
848 502
228 24
854 316
68 737
677 733
261 421
661 404
355 919
63 430
802 330
901 559
406 924
400 268
962 4
639 796
489 878
200 791
849 935
687 746
854 137
711 272
605 781
933 790
591 922
684 398
835 588
479 530
674 594
490 551
982 672
387 223
887 352
943 434
1000 540
662 487
890 253
57 701
353 342
904 834
118 86
763 303
529 427
594 723
593 812
23 65
135 523
256 450
594 610
222 803
448 876
287 237
308 776
37 502
885 18
406 149
120 916
927 285
549 363
921 204
466 19
249 737
747 174
889 817
392 485
793 639
107 668
569 256
99 796
270 765
278 556
875 544
803 351
551 549
608 229
2 546
279 946
215 48
396 68
199 476
345 494
402 894
898 667
4 734
721 100
395 364
928 474
682 857
940 326
647 645
409 268
851 790
424 663
338 346
967 872
114 21
56 116
700 805
9 898
523 952
223 25
939 344
52 919
36 572
290 796
122 760
645 134
867 10
105 779
909 156
236 43
79 751
351 778
373 974
361 782
895 841
938 291
532 767
865 430
712 58
188 437
580 983
269 916
930 974
883 830
151 400
83 454
50 5
920 783
943 805
126 379
977 802
3 278
724 180
27 652
102 192
943 906
361 330
16 155
474 619
663 283
317 731
84 698
125 274
343 351
386 468
633 359
124 622
872 632
344 821
36 129
345 664
627 238
220 296
703 653
964 191
547 913
430 759
971 717
453 702
955 404
149 341
141 977
492 575
272 768
250 592
262 879
101 613
17 936
111 276
648 534
5 135
100 27
397 605
894 613
532 232
238 137
335 882
674 841
803 951
534 805
901 110
243 674
407 501
543 953
514 901
165 291
437 526
630 441
247 875
748 972
605 885
821 936
471 867
442 779
99 176
815 206
247 792
430 296
786 64
1 792
982 410
593 586
190 680
193 324
106 559
692 810
144 768
87 800
348 736
455 700
304 582
123 628
515 928
259 254
840 743
35 327
73 152
25 349
500 249
400 983
699 301
827 848
934 660
496 608
297 593
552 473
236 610
55 62
292 860
975 505
723 16
337 317
121 486
106 114
768 529
362 920
235 410
589 583
331 911
814 808
46 662
512 534
162 403
632 69
764 578
175 999
626 607
661 44
96 258
479 513
651 74
447 487
492 652
598 160
975 573
558 708
655 947
587 985
20 250
204 367
855 671
585 429
600 944
180 448
220 961
294 376
556 875
761 911
885 977
857 412
695 592
848 41
613 578
221 659
299 355
337 564
303 363
820 135
130 15
252 321
255 610
471 545
221 910
61 805
407 281
434 345
403 686
920 580
632 846
939 184
212 294
801 455
89 478
326 346
346 556
754 353
908 512
800 153
535 739
747 577
79 679
173 606
230 529
742 142
303 943
899 236
774 1000
232 323
670 861
875 221
71 464
919 102
335 289
376 372
156 626
126 288
608 559
456 268
37 465
758 805
182 731
672 528
133 712
417 679
550 529
440 768
311 7
701 667
993 657
176 778
887 755
140 941
955 188
292 880
612 845
885 351
837 476
620 988
414 423
20 858
702 858
893 232
45 249
363 933
620 627
90 994
788 359
789 10
479 724
708 153
63 789
45 266
871 898
339 259
747 624
654 988
931 377
474 500
789 123
276 34
774 225
797 640
420 14
229 78
738 1
626 978
897 298
980 25
595 949
483 463
428 436
765 509
712 247
85 496
128 311
185 458
185 730
833 502
778 337
644 442
705 700
703 153
136 145
610 42
696 937
470 276
950 994
790 887
592 10
575 467
482 510
190 951
127 472
740 353
902 528
852 923
669 827
156 914
622 773
588 941
627 945
810 371
823 503
189 86
781 306
505 161
218 710
937 12
386 794
995 770
413 723
917 963
420 237
350 362
903 752
801 702
658 865
597 796
283 684
340 299
793 879
135 808
935 851
314 829
444 584
799 214
548 86
771 945
556 457
940 808
419 521
851 255
135 206
840 364
548 165
56 731
572 803
137 574
656 270
452 944
513 36
72 468
537 174
118 396
615 966
858 370
34 112
129 940
494 126
211 388
632 347
705 650
860 443
855 240
582 840
548 712
91 879
552 779
935 56
981 842
378 338
626 43
57 796
574 987
901 9
997 464
523 572
798 208
147 783
666 869
539 529
830 48
217 87
614 966
264 26
108 292
40 839
460 604
8 165
544 87
174 790
692 855
530 86
344 253
316 99
544 198
908 863
930 975
735 800
258 164
792 92
317 903
212 163
128 728
936 63
679 857
844 397
387 361
500 230
306 363
696 34
837 114
586 178
549 270
145 568
555 961
58 363
130 140
410 428
693 851
292 904
760 240
44 217
484 465
840 136
806 941
21 71
993 894
81 868
745 269
969 932
183 343
88 77
524 305
780 907
343 45
203 678
825 727
152 424
831 296
176 286
306 913
497 214
491 511
467 906
413 496
949 46
275 19
170 199
78 452
9 195
584 329
177 789
648 998
562 852
855 773
416 58
147 954
77 645
960 551
562 807
856 760
583 895
753 80
97 959
226 816
890 283
174 592
208 358
485 817
697 377
381 992
152 770
891 959
50 373
914 138
846 123
645 266
443 686
959 622
678 194
610 140
562 363
322 656
714 190
87 912
398 549
827 629
900 751
889 428
961 975
819 473
657 470
878 884
700 108
166 656
297 455
338 237
31 786
838 166
895 467
681 361
131 840
617 619
766 324
287 53
914 737
292 861
763 786
118 902
948 896
680 318
497 787
462 84
799 63
441 351
99 855
745 233
160 689
534 299
920 77
646 817
253 283
372 496
928 694
690 557
163 951
275 337
409 539
48 373
520 834
332 181
229 779
746 487
109 293
237 240
140 150
996 99
891 287
28 692
891 409
664 317
332 411
117 987
868 37
762 544
364 996
127 6
639 890
56 45
790 872
645 59
901 65
388 20
464 690
797 144
835 453
284 69
912 678
514 870
181 763
455 492
418 589
174 620
543 813
434 297
443 605
706 477
195 832
37 109
697 235
480 254
732 716
535 339
79 855
743 460
780 346
283 338
220 976
107 118
862 490
679 656
874 450
175 465
32 577
291 204
37 464
761 6
227 958
12 18
733 504
715 597
554 733
793 771
685 373
746 869
158 655
215 490
77 453
295 530
791 393
228 631
945 89
853 985
361 402
949 561
880 626
427 811
210 185
15 544
162 436
181 456
700 781
348 303
984 712
150 605
7 188
29 644
373 286
932 519
845 802
559 864
816 780
142 588
238 501
702 516
258 869
298 822
601 695
105 320
74 785
755 186
337 885
599 117
512 63
802 563
533 359
60 819
722 608
88 572
251 88
693 97
199 280
591 838
833 358
303 270
506 390
967 791
610 624
312 947
66 254
104 437
184 365
498 629
445 90
912 529
565 377
217 235
974 304
648 107
407 2
674 707
292 322
558 605
447 727
652 546
698 854
362 394
787 529
196 469
600 66
948 516
456 730
623 890
221 454
847 310
504 198
265 872
625 817
359 588
365 807
349 418
477 237
997 762
510 79
776 715
903 760
490 155
474 516
71 874
497 749
371 180
279 633
654 671
680 502
43 438
410 619
237 331
1 94
862 941
702 710
577 771
837 721
841 662
200 234
261 277
545 797
708 66
105 147
108 886
73 973
294 423
974 261
190 276
894 764
492 612
756 709
492 808
445 954
800 663
284 376
768 181
158 983
797 750
782 410
930 409
694 678
716 426
665 988
463 699
319 679
674 914
895 644
713 1000
40 554
661 648
293 765
667 664
744 818
55 776
602 432
199 870
170 292
818 760
122 221
948 331
754 422
437 970
791 815
905 440
308 601
847 756
444 41
451 799
607 212
723 939
966 125
71 411
734 233
934 543
867 456
886 292
987 671
515 100
384 482
610 442
80 901
201 151
510 107
295 187
979 992
304 152
103 232
499 634
362 930
550 937
366 554
721 617
884 35
466 132
943 746
858 642
585 458
129 124
253 370
121 554
802 861
56 615
430 12
422 554
911 477
820 617
39 682
845 234
186 317
959 358
962 390
634 859
291 838
562 98
94 684
385 598
151 703
137 21
467 890
484 932
322 11
346 901
644 492
368 725
883 711
213 467
143 440
411 567
220 797
294 60
445 17
617 189
145 189
882 644
552 161
192 880
65 486
598 200
1000 711
608 499
700 664
761 414
853 502
416 743
428 32
455 702
903 682
418 632
504 221
503 722
931 549
438 535
503 785
118 783
710 195
748 402
23 248
101 712
102 275
139 487
430 234
625 554
40 352
349 490
686 27
566 748
514 152
272 275
609 30
681 761
421 958
685 161
851 201
463 279
211 358
672 980
12 333
840 342
235 412
418 916
242 624
316 308
280 941
10 378
653 468
234 220
306 705
880 678
581 224
29 703
391 824
743 877
932 748
807 496
178 741
998 357
427 446
533 96
848 382
81 97
544 903
618 280
935 413
812 360
29 114
910 741
920 991
485 481
323 474
213 396
200 623
365 75
216 389
731 358
290 608
930 560
18 22
934 8
972 219
421 171
739 160
167 443
463 992
29 438
626 338
354 78
697 506
526 113
943 549
255 467
754 494
131 235
191 791
801 551
308 529
554 809
404 720
80 656
48 861
88 187
16 935
943 878
549 227
93 39
679 864
794 250
524 807
359 164
439 76
741 988
542 647
581 163
505 688
2 904
976 739
120 89
448 592
358 503
861 452
21 13
573 560
116 141
392 707
524 148
710 747
470 721
453 594
409 724
747 626
620 764
894 487
453 739
312 393
975 610
985 125
362 606
665 308
828 832
812 445
206 852
688 243
410 857
472 638
163 547
402 793
441 965
742 917
711 606
124 84
552 785
845 404
42 451
316 678
6 302
780 981
377 944
29 199
219 254
34 703
787 487
165 391
845 357
721 287
742 759
925 397
30 563
532 273
668 337
670 483
970 409
346 671
957 141
133 347
341 266
403 573
486 574
360 766
251 705
80 535
459 754
905 492
193 258
840 835
786 281
400 228
936 438
387 510
297 491
710 248
1 608
460 648
2 219
813 641
1000 844
583 283
841 200
476 181
757 36
709 543
719 682
303 528
715 624
989 113
537 368
990 442
866 764
850 281
180 800
880 512
96 127
666 135
46 960
698 788
625 988
132 850
23 631
82 465
390 414
837 335
162 473
839 875
201 421
99 878
261 387
941 289
428 372
600 733
506 884
185 153
383 794
927 932
311 306
786 757
513 939
526 468
8 525
157 116
216 688
927 624
384 784
741 150
100 98
158 326
972 942
39 449
316 586
354 501
707 427
599 137
90 427
590 500
740 33
809 218
658 364
477 618
991 742
522 719
891 36
342 892
210 706
424 281
148 669
703 413
482 115
464 522
781 451
654 115
63 73
397 506
933 152
549 253
478 255
351 887
192 900
344 255
933 105
973 792
173 420
448 173
446 1000
503 713
343 788
490 312
914 326
697 942
572 302
115 685
938 576
117 71
616 698
178 461
697 877
832 114
385 175
184 821
671 686
42 389
391 160
563 883
214 781
876 410
882 545
552 399
516 746
3 569
671 910
497 537
776 966
600 522
819 808
659 703
876 719
559 938
360 616
450 288
949 548
34 35
452 342
510 548
457 696
778 162
232 248
859 53
146 696
238 434
973 5
685 657
765 419
163 763
148 499
964 495
251 388
659 379
952 495
626 250
518 450
342 190
808 750
972 33
648 887
422 70
740 453
407 502
890 438
156 54
48 919
492 254
790 829
646 433
481 651
133 258
49 847
212 269
104 398
503 286
30 922
915 304
791 733
942 603
856 280
160 287
605 739
883 961
743 597
675 973
268 269
736 749
58 969
184 516
312 569
60 175
407 306
585 984
639 277
867 406
795 469
743 315
126 267
952 760
439 506
336 825
482 603
11 723
196 733
892 914
35 217
418 691
662 918
724 203
706 810
853 553
345 942
309 523
400 857
12 305
11 945
50 616
915 298
137 628
83 623
998 139
968 492
694 176
396 979
20 935
504 536
846 111
990 878
850 914
542 868
154 685
873 51
410 723
323 46
212 158
76 462
848 383
3 832
426 301
371 825
12 658
944 80
720 313
973 41
519 221
703 896
501 792
211 691
670 91
211 786
512 85
872 19
428 753
359 863
677 694
551 93
755 510
363 553
596 439
717 774
373 752
134 566
523 843
8 1
942 516
178 849
723 663
354 14
943 410
784 625
515 739
591 315
687 542
386 821
523 896
583 16
74 480
463 182
283 340
392 567
819 390
455 562
884 672
442 511
780 299
49 311
247 652
140 74
639 158
516 509
268 406
222 986
564 3
581 273
867 656
337 397
690 395
642 919
128 928
20 758
556 480
684 685
289 219
304 161
309 656
720 729
847 144
979 776
671 70
971 936
220 380
849 276
775 36
633 397
307 718
214 390
741 415
546 159
836 308
506 563
821 440
659 469
454 691
988 671
916 492
204 398
96 527
370 98
851 657
856 250
768 171
823 709
80 19
137 44
526 534
378 472
489 961
952 423
626 2
27 429
240 344
536 853
222 344
8 430
799 1000
817 924
433 679
624 702
865 676
723 706
830 234
104 454
301 731
35 708
420 778
147 722
69 185
190 231
943 446
778 89
349 126
143 518
187 638
114 946
888 993
5 545
597 967
830 361
378 783
14 273
866 40
424 235
300 934
467 79
31 950
988 507
308 869
70 231
249 907
509 329
145 704
791 201
799 322
379 933
88 438
14 930
201 249
438 291
993 117
847 86
262 424
687 505
504 422
361 483
949 738
896 530
126 61
606 747
862 625
639 288
281 162
689 237
64 268
241 80
680 504
898 339
211 463
996 530
278 689
686 306
540 646
949 900
860 225
936 529
783 935
362 753
971 805
437 193
152 79
831 305
484 172
68 803
33 982
755 235
683 262
404 365
384 785
170 238
123 194
498 802
523 447
484 785
610 308
768 294
238 864
424 764
351 451
997 477
691 606
943 631
912 849
751 645
623 375
934 454
234 526
209 703
968 15
69 687
772 116
464 523
800 85
269 348
218 566
899 779
386 842
7 405
826 713
450 608
910 137
736 706
484 454
934 819
544 217
487 199
587 157
715 416
933 505
165 847
867 381
207 196
196 619
503 889
610 457
738 242
347 939
170 870
435 846
12 266
684 599
440 612
64 284
232 686
214 770
88 402
969 15
898 21
393 591
791 322
816 438
814 917
528 122
540 897
811 749
477 401
300 110
410 474
908 365
638 244
196 47
571 45
662 324
885 389
297 932
8 845
525 756
12 393
859 790
769 2
842 584
699 193
209 61
854 559
301 997
14 488
175 956
440 375
798 276
774 172
152 427
557 125
124 447
968 781
310 972
364 637
20 337
42 265
99 760
116 698
13 696
40 746
223 347
939 154
981 875
428 669
639 835
470 480
18 161
812 571
227 237
890 439
375 445
749 144
803 776
511 685
39 714
776 934
227 122
527 81
694 147
649 227
322 461
964 940
348 589
807 757
830 781
407 68
340 25
359 335
142 275
60 823
559 70
672 298
625 462
164 222
893 22
636 714
73 156
576 37
387 326
649 703
779 632
931 773
913 754
992 789
311 63
993 76
757 27
443 111
234 56
241 844
940 860
72 162
918 879
131 619
233 113
548 248
16 921
295 329
885 409
172 20
500 697
341 763
23 72
196 551
628 965
149 260
668 788
834 524
559 841
362 459
216 843
17 878
272 721
609 728
204 276
659 440
493 242
185 65
261 252
212 878
945 338
756 575
996 110
134 277
169 361
694 765
823 731
136 249
262 617
66 102
508 843
179 317
215 587
255 622
40 597
574 918
902 921
209 630
820 50
17 315
289 446
398 200
195 803
522 644
635 117
397 432
680 532
695 995
65 399
706 472
528 984
446 583
14 395
986 632
316 322
22 758
540 87
779 809
288 464
715 411
610 175
106 926
947 252
841 321
143 832
645 525
630 69
334 646
412 992
596 76
980 227
358 139
430 772
16 72
310 302
455 851
22 466
326 373
463 324
865 255
385 752
549 451
292 892
999 487
858 713
659 792
367 393
538 999
810 896
480 355
580 382
585 384
422 446
953 420
382 334
771 631
974 18
759 776
831 399
120 313
33 326
436 645
163 967
57 328
184 20
96 290
484 137
485 208
270 516
785 992
971 649
404 951
973 123
501 842
211 832
259 930
497 147
100 72
742 907
998 609
910 711
949 99
971 503
474 133
973 349
209 432
375 71
911 219
740 15
722 750
681 736
527 491
506 389
401 247
19 192
497 334
498 993
947 796
86 248
492 168
305 177
282 901
209 739
619 628
998 941
123 357
341 422
694 296
806 112
477 806
412 695
787 933
239 988
129 451
478 144
870 662
869 801
728 139
201 781
787 530
476 401
649 533
961 795
429 869
265 796
16 406
128 752
880 213
754 275
999 212
895 636
965 964
892 868
842 145
87 531
576 109
280 602
316 296
259 198
801 924
163 423
221 541
580 444
871 111
254 119
664 623
138 378
157 526
215 376
806 901
419 367
224 917
461 920
281 338
889 933
234 274
452 156
168 700
150 636
724 593
746 137
175 923
548 391
883 48
689 351
33 467
346 138
441 118
262 900
109 345
56 795
612 304
170 239
764 219
252 423
177 979
359 870
608 20
643 693
385 873
318 153
464 945
477 616
795 911
557 804
504 698
601 844
621 113
325 564
91 702
990 830
406 671
389 963
72 797
784 555
982 322
969 609
967 26
457 341
494 664
169 441
395 539
827 764
568 720
416 589
329 252
771 469
684 818
210 681
751 147
991 221
239 726
222 768
315 174
358 192
305 980
453 212
349 387
677 519
303 566
184 934
993 144
25 102
581 121
289 553
107 750
309 678
428 52
727 560
36 433
993 882
118 500
858 560
38 654
276 119
519 469
745 130
216 880
305 481
860 373
419 617
516 921
385 393
211 907
552 973
834 715
873 887
394 312
413 460
587 897
327 650
890 722
962 167
998 553
677 656
864 717
43 992
377 622
530 498
344 353
509 587
739 824
96 790
388 60
851 934
310 900
821 770
517 25
683 801
867 467
127 412
131 355
260 133
66 852
585 764
624 854
2 460
882 530
631 909
463 815
472 402
959 763
14 718
198 91
594 531
992 968
420 33
23 132
373 207
980 200
378 550
785 302
679 974
191 245
22 55
667 782
262 486
282 288
741 875
913 642
205 744
940 861
832 894
707 634
727 615
853 920
927 97
231 852
514 6
897 950
811 712
634 553
29 523
250 830
713 190
401 940
516 863
243 43
301 951
233 1
451 86
837 662
986 368
20 16
594 397
523 139
268 162
964 303
927 933
636 67
466 683
638 685
125 998
551 206
423 859
218 171
460 220
869 328
651 525
363 555
475 261
385 849
958 54
654 429
673 422
345 85
834 147
165 83
891 863
123 713
786 417
516 74
459 715
944 873
339 785
966 158
895 780
731 807
71 318
97 839
5 604
139 550
675 632
17 134
680 962
23 757
338 314
266 687
139 439
598 914
547 156
19 833
175 839
852 439
323 547
299 551
841 162
680 224
25 429
27 587
235 492
314 917
760 189
580 488
543 228
11 991
943 574
913 295
710 863
219 784
55 398
737 211
825 581
391 904
619 275
694 227
401 904
612 936
813 239
487 944
928 789
976 915
668 889
212 342
465 146
690 973
215 42
197 747
384 920
773 402
885 670
65 581
942 602
708 249
660 4
484 1000
110 38
204 31
175 979
322 78
142 797
194 436
431 449
791 545
772 402
313 595
978 891
479 474
230 980
66 877
412 257
751 622
739 46
649 826
498 704
763 180
247 991
984 135
857 959
558 609
404 476
870 663
883 808
221 337
520 184
954 984
357 689
446 834
175 256
606 60
149 677
520 775
154 13
799 447
726 629
141 257
783 758
163 473
382 175
463 426
512 774
998 77
917 255
396 337
89 993
478 749
686 86
267 452
722 789
148 321
367 319
261 750
744 305
392 787
923 529
466 156
31 500
128 829
684 290
243 114
44 129
816 234
46 723
30 180
571 112
148 167
846 58
495 72
82 351
375 998
727 269
643 336
471 51
720 485
8 929
357 440
584 116
270 481
662 695
501 813
693 175
752 805
915 861
518 74
460 6
626 806
324 597
937 518
265 385
63 850
623 256
839 782
916 736
374 862
407 495
872 252
583 662
658 363
865 657
288 204
128 198
554 59
829 355
151 859
84 302
455 321
645 273
613 621
264 308
528 545
247 931
529 504
14 320
990 89
265 55
222 231
425 775
64 193
799 428
818 982
825 36
14 755
832 93
515 842
936 405
31 822
115 686
701 907
294 547
575 950
357 725
653 1000
490 438
842 35
715 307
75 592
24 926
49 357
366 716
41 977
686 3
482 549
376 32
799 288
639 33
235 295
457 865
974 830
978 453
127 932
879 647
736 255
443 291
390 494
710 679
876 699
533 886
662 346
132 817
488 871
608 40
38 655
58 57
242 810
295 308
243 255
7 128
618 401
379 399
665 320
794 612
669 408
653 242
782 320
743 931
941 548
700 792
93 64
821 510
569 397
199 446
950 274
717 61
406 892
669 186
68 551
472 936
18 268
279 533
745 738
830 70
118 468
924 159
605 990
88 652
695 872
809 713
521 93
706 67
468 882
749 31
914 116
492 8
575 359
953 758
251 467
568 399
571 816
323 864
386 812
601 73
602 690
641 802
434 96
821 791
753 774
58 980
757 854
832 179
282 156
728 68
710 180
948 585
625 460
478 879
918 289
376 350
709 356
583 335
179 957
474 823
878 889
3 235
576 39
850 442
5 793
889 32
757 319
525 82
69 86
225 184
297 603
597 576
999 108
219 902
609 18
794 388
257 631
709 23
159 10
510 282
336 745
922 352
944 488
968 506
508 275
723 372
600 745
298 716
985 121
889 717
447 493
453 668
185 214
703 828
229 165
216 764
158 227
307 551
381 490
684 159
246 552
52 273
894 568
971 461
73 794
661 377
21 538
122 605
858 73
339 30
113 950
761 770
523 505
344 382
331 72
276 575
960 536
407 279
219 209
899 935
347 738
99 234
246 404
70 710
127 435
754 411
682 460
188 277
647 894
9 702
473 958
566 842
598 347
362 403
274 733
599 882
98 505
481 487
607 66
97 183
727 951
891 348
639 155
73 190
970 948
878 789
865 202
461 575
278 991
942 54
562 321
180 840
36 276
185 566
148 430
666 175
997 703
625 268
382 879
486 188
34 277
953 569
201 316
664 900
58 415
186 72
924 547
816 207
549 880
763 930
512 712
309 270
662 258
594 76
526 385
638 925
76 445
824 697
401 792
366 192
612 568
798 237
363 970
113 743
962 458
431 637
289 28
897 349
314 441
671 391
404 689
939 87
371 569
764 32
165 387
720 70
591 845
27 430
337 522
878 411
484 969
963 635
584 612
714 575
566 564
843 913
820 867
369 778
759 29
895 973
131 965
188 313
890 207
374 84
891 890
160 346
911 665
164 306
37 12
757 925
779 855
49 630
395 590
218 883
576 833
35 453
616 578
110 984
456 735
849 792
117 223
79 935
151 506
101 699
528 371
161 496
676 139
473 720
595 317
443 56
201 254
240 596
922 134
600 276
311 312
292 914
649 76
810 979
528 160
512 549
196 54
414 389
684 291
996 541
393 654
769 59
370 717
827 493
310 307
607 998
947 468
638 776
487 311
733 524
294 226
28 989
846 213
253 683
207 775
848 457
529 798
939 34
981 739
639 987
765 268
731 388
43 902
869 318
54 851
927 658
950 516
569 82
602 51
274 206
593 308
901 115
851 908
45 25
34 590
600 496
194 491
51 177
381 982
372 981
118 235
874 797
38 488
152 859
834 331
728 250
175 193
144 795
326 55
18 892
37 32
791 923
79 869
524 566
961 884
827 623
995 693
745 810
529 25
583 362
371 151
288 649
917 594
790 728
888 734
249 932
177 135
50 143
287 206
408 493
282 458
838 207
306 500
520 514
689 189
357 775
528 125
675 510
405 113
559 592
599 519
909 513
270 817
538 989
557 15
724 512
376 878
855 366
200 188
635 704
281 477
893 8
492 679
716 208
989 533
280 227
962 387
194 825
160 905
159 597
343 152
825 905
57 503
100 435
816 836
980 959
17 929
976 122
795 734
777 895
251 452
677 670
644 489
332 109
133 108
655 235
948 103
161 371
513 710
989 985
631 248
924 152
796 181
213 79
34 233
477 794
186 777
649 151
249 411
618 884
308 740
518 627
544 769
320 186
448 495
416 653
143 714
408 955
575 759
670 729
947 116
92 581
773 720
505 460
69 307
415 347
771 51
387 314
62 760
581 424
47 268
395 999
115 570
667 147
944 572
851 585
286 607
953 834
19 916
760 308
350 427
580 615
157 200
529 807
215 476
970 883
220 118
150 361
747 367
286 377
664 937
383 619
59 929
187 212
371 115
153 420
524 237
447 270
984 986
175 769
186 36
392 699
177 367
711 785
789 96
37 971
360 414
858 389
803 284
767 727
620 26
510 580
706 441
686 587
717 79
367 810
719 513
388 877
155 618
792 1000
341 843
659 298
200 517
609 959
635 558
545 407
801 13
858 86
473 492
26 170
821 243
787 63
700 996
346 167
756 984
834 126
343 919
198 505
90 286
687 847
26 218
79 575
158 376
429 604
36 706
757 952
669 626
265 916
782 915
198 42
212 620
130 266
115 760
294 537
939 724
874 631
892 748
731 854
886 502
10 711
391 454
602 937
435 514
398 698
330 340
666 394
279 397
482 635
120 891
399 888
971 840
590 613
112 484
701 660
685 367
409 12
596 773
624 399
625 858
614 302
131 584
460 157
912 972
716 873
533 173
382 333
334 240
175 896
215 183
309 446
459 184
590 33
383 877
186 427
977 492
7 203
193 655
506 972
267 870
767 715
167 897
833 685
389 391
797 266
356 78
817 468
985 538
399 210
848 254
434 691
191 321
262 814
564 474
751 948
863 686
685 614
69 917
201 597
933 572
695 653
994 570
43 810
392 98
913 448
26 747
317 440
383 691
950 891
240 171
960 660
833 154
476 590
813 841
808 343
934 779
429 455
896 938
697 917
849 910
723 917
587 449
727 997
636 670
291 769
171 823
596 252
976 311
269 842
806 241
240 710
439 62
26 65
136 897
466 120
512 792
370 540
595 429
279 518
546 763
840 260
81 786
201 451
607 690
367 313
694 338
586 891
509 24
36 408
989 366
58 432
978 1
465 466
802 819
284 203
716 909
884 235
837 731
101 378
417 128
24 30
671 34
963 141
711 795
162 180
953 167
77 39
722 284
462 547
545 381
198 773
952 361
963 939
90 5
833 427
156 184
263 756
535 892
238 868
593 299
91 403
636 143
696 76
15 228
274 94
39 290
939 336
27 314
619 708
549 657
327 231
865 708
402 314
994 288
189 2
887 431
139 821
781 510
770 625
204 961
320 206
749 347
36 794
882 636
558 899
260 962
834 507
822 820
89 688
516 147
644 872
957 511
745 809
600 36
291 829
917 593
499 702
200 313
671 710
512 885
395 843
365 773
370 689
22 46
10 622
597 682
214 774
862 783
524 407
810 805
908 410
340 564
220 2
607 662
357 151
672 829
401 965
167 666
205 211
323 936
931 169
113 588
6 12
559 945
404 643
380 34
238 452
96 493
836 459
323 343
659 273
381 437
981 637
411 680
817 621
582 943
644 490
756 598
703 73
561 608
891 249
146 486
592 58
755 406
497 442
919 118
67 184
34 595
454 808
57 946
904 85
144 602
56 374
679 310
369 977
151 889
51 61
747 699
772 251
406 297
355 403
670 734
141 274
948 420
736 738
623 730
288 714
834 479
126 445
986 642
425 754
378 690
179 959
571 385
659 46
438 920
594 546
262 483
748 287
396 388
970 993
440 876
790 92
814 11
110 755
665 230
731 689
634 709
192 464
220 486
97 341
633 267
728 561
585 488
90 534
492 998
254 797
755 792
671 877
484 258
671 254
68 65
659 734
254 876
538 673
722 194
997 972
544 731
613 188
386 330
252 679
357 510
160 918
15 280
309 123
38 907
669 235
507 446
473 322
293 727
459 307
777 154
172 596
820 792
358 875
731 463
221 789
458 633
830 401
667 441
997 384
854 11
359 939
195 666
952 127
828 105
973 407
673 443
674 980
308 330
332 368
305 437
118 161
869 599
304 941
411 67
468 912
677 356
494 740
53 245
598 238
321 882
433 408
969 574
456 967
164 280
383 148
682 349
403 916
906 740
597 46
340 57
469 411
115 763
951 540
796 884
448 234
467 182
305 823
110 962
92 729
3 184
154 52
482 905
639 133
913 833
897 580
71 601
810 939
727 806
451 507
589 769
827 884
225 218
580 261
783 957
606 752
258 312
277 12
119 839
279 594
196 476
699 47
371 78
863 739
615 211
908 305
33 745
395 462
713 351
492 970
314 242
945 828
855 273
819 871
366 198
556 146
336 501
409 591
195 58
659 619
884 438
941 729
614 918
340 158
552 904
347 260
208 78
212 910
798 909
506 687
501 199
473 350
989 894
223 270
354 491
760 602
379 4
21 941
226 657
337 520
835 281
714 682
677 196
521 10
904 158
317 439
728 450
545 156
857 226
568 107
770 763
626 481
956 722
278 450
890 346
513 40
786 113
951 937
627 953
800 189
411 625
714 799
311 447
390 810
774 972
166 497
73 532
311 349
519 920
642 485
770 174
516 478
754 833
352 385
478 577
217 964
232 695
966 298
240 598
297 657
248 65
197 136
755 690
917 399
253 360
900 851
81 999
278 731
906 656
935 543
920 268
371 42
534 379
258 574
519 167
814 731
897 157
24 31
635 663
855 426
403 197
124 790
86 840
241 293
648 611
203 969
891 367
949 67
290 704
920 887
392 176
321 254
359 866
968 579
254 658
381 754
458 433
384 564
591 803
392 31
247 233
769 21
941 519
750 128
143 466
551 497
644 277
256 766
901 130
436 916
468 857
655 439
970 423
952 166
903 921
359 721
765 846
731 578
914 158
623 592
662 576
807 681
900 477
5 767
942 688
735 923
924 378
856 32
508 663
14 758
607 221
5 913
154 509
482 990
909 123
336 851
927 766
463 26
552 87
867 606
869 843
585 145
123 830
418 792
644 542
684 739
288 984
550 928
461 807
751 442
988 24
371 6
244 312
873 456
121 563
953 480
167 874
354 879
997 983
56 105
567 453
237 994
474 436
863 946
55 657
422 700
168 811
116 993
780 530
363 598
56 844
885 851
377 784
928 384
877 675
271 990
938 313
958 828
907 750
267 655
702 289
320 623
29 137
341 151
55 5
792 397
406 605
501 465
526 834
213 77
422 776
757 640
920 625
5 305
296 469
818 516
943 527
87 725
60 327
680 716
537 837
611 84
403 635
443 678
463 811
925 514
819 3
123 670
458 105
563 6
514 478
329 156
348 872
683 808
496 699
739 329
331 927
430 130
35 334
59 340
41 929
26 23
852 415
718 366
534 231
992 810
810 887
831 803
549 298
861 296
898 242
484 531
193 776
196 505
841 996
783 969
854 866
440 570
595 834
233 5
551 535
725 864
674 446
417 79
590 122
441 65
627 499
518 134
665 722
152 315
502 581
413 428
271 50
976 88
744 196
946 768
51 604
52 131
180 120
203 809
111 416
423 804
706 128
209 472
506 362
472 822
744 994
947 775
765 532
89 51
677 402
57 973
541 355
911 874
247 838
468 913
913 260
105 1
697 669
327 174
184 456
627 988
832 500
580 204
18 819
648 454
923 92
355 398
250 184
170 16
947 109
302 250
527 967
309 806
805 225
97 783
594 628
282 110
691 198
50 194
128 664
145 734
165 659
582 587
465 697
121 175
837 161
657 315
16 77
611 524
542 654
413 554
987 589
201 336
220 84
202 763
866 578
370 903
550 1000
683 698
728 526
133 783
788 360
182 11
257 639
557 85
922 498
794 977
564 791
655 760
73 584
116 938
9 464
907 507
33 458
824 555
452 404
328 666
901 745
744 258
284 765
873 819
211 858
786 938
643 975
347 436
12 857
584 649
463 68
273 662
554 289
845 286
938 128
730 238
790 780
114 379
132 110
389 857
467 537
333 35
281 677
507 808
513 905
554 67
956 46
387 184
173 663
599 433
86 364
52 820
480 841
994 397
892 835
781 297
361 792
89 297
441 772
744 523
819 123
841 407
288 497
752 54
550 505
40 114
278 156
5 956
338 395
121 105
174 989
567 900
532 963
530 658
455 524
163 709
170 908
923 326
301 422
429 241
415 418
977 813
588 618
957 699
45 929
339 252
880 936
684 760
576 401
650 952
452 52
366 534
112 657
976 710
524 32
301 217
430 519
52 151
382 284
383 557
573 621
318 612
279 742
361 7
395 633
509 903
831 430
375 994
582 532
305 504
879 434
440 353
581 195
280 138
544 855
915 458
86 738
233 878
275 877
521 617
258 833
775 292
570 166
384 791
526 581
782 499
71 673
402 903
919 686
223 365
268 988
379 35
367 578
22 431
503 130
216 324
587 343
401 214
901 129
961 446
122 882
928 33
602 440
839 437
71 79
153 710
140 452
342 998
164 450
938 809
960 353
189 113
762 949
744 728
908 961
47 23
675 982
642 670
914 302
916 800
792 878
744 615
636 589
72 752
144 173
531 459
880 103
734 70
404 663
866 966
376 326
586 473
533 702
623 934
956 59
435 39
444 263
362 136
54 706
680 45
845 717
934 614
126 240
309 560
249 414
794 428
723 126
802 627
231 815
556 422
590 3
926 304
987 290
110 567
202 898
902 329
414 119
771 690
651 88
907 434
985 950
158 120
238 458
96 495
224 660
6 60
53 525
379 368
822 178
571 86
630 971
355 763
816 839
122 722
928 385
323 345
252 81
808 951
347 335
241 192
817 215
260 334
812 275
385 735
632 606
216 433
549 593
517 243
763 184
856 705
912 691
125 656
113 232
151 867
574 79
956 667
832 489
118 202
821 559
606 335
240 68
516 972
878 547
165 924
481 479
100 679
672 288
387 102
16 324
451 852
127 78
588 716
348 873
709 352
608 541
371 425
939 907
615 890
327 595
603 786
710 74
309 995
718 577
738 259
741 928
130 291
943 944
36 252
183 127
521 916
297 744
119 893
580 497
513 296
550 973
755 877
646 524
59 930
595 212
335 977
429 364
214 514
492 992
384 147
572 764
561 117
621 829
656 335
253 473
436 687
733 943
826 115
55 327
669 455
816 5
689 265
472 670
54 133
661 163
295 165
650 436
670 51
820 964
125 880
876 968
110 156
55 613
95 584
688 350
697 224
344 824
720 207
847 323
631 443
613 924
467 798
378 463
68 519
587 561
273 681
346 865
975 928
95 878
646 362
691 623
947 665
820 137
569 143
678 859
165 380
459 19
84 396
673 441
181 706
430 129
522 654
798 595
126 658
297 110
302 281
857 934
218 744
292 343
407 102
744 528
197 350
807 575
349 179
702 327
226 190
482 788
356 813
197 495
273 279
679 651
188 230
979 213
11 615
676 147
224 306
841 165
269 692
550 527
755 555
993 98
921 253
614 338
500 86
943 596
233 309
680 372
609 50
719 61
975 423
577 540
641 383
328 46
576 340
261 518
284 937
712 948
67 620
703 638
121 746
258 971
794 553
543 406
267 923
39 425
372 588
202 354
716 729
829 918
151 654
669 205
262 813
928 457
195 346
930 453
73 826
755 306
323 293
211 422
228 402
692 257
983 258
677 595
802 607
540 717
257 255
372 913
749 196
123 29
674 903
21 142
986 149
702 73
78 807
891 16
456 31
809 773
347 706
460 419
833 159
883 408
144 932
880 414
311 520
701 128
853 453
66 921
31 665
182 799
588 822
112 71
737 149
748 44
269 101
770 906
184 707
974 666
207 233
598 490
66 699
840 730
550 329
168 215
334 740
45 783
476 141
813 266
49 421
488 707
340 684
274 397
674 532
742 402
182 101
349 716
78 58
888 130
581 929
920 354
314 148
978 143
46 583
255 326
453 719
443 415
208 270
390 176
907 486
246 42
16 645
989 702
204 346
955 498
224 632
121 553
530 742
570 167
25 290
781 823
947 563
604 82
759 302
378 263
711 459
659 212
353 619
985 141
851 912
569 199
53 350
757 682
919 399
42 193
373 689
526 791
767 143
985 55
986 792
645 139
504 559
750 714
817 319
207 348
636 590
35 455
130 497
417 169
247 732
909 121
58 543
406 221
390 566
40 63
214 938
528 549
692 750
241 968
115 979
135 774
616 832
728 826
236 625
112 559
383 115
153 35
488 590
180 780
441 472
153 460
267 116
572 729
703 545
111 133
671 7
824 646
94 1000
172 190
101 224
29 835
357 118
679 697
513 30
272 748
404 409
268 395
6 61
65 663
417 839
711 760
416 487
471 323
882 358
9 376
600 991
584 484
473 579
237 770
336 86
5 140
461 506
764 245
342 443
308 83
882 72
789 524
42 387
61 677
857 318
30 736
769 624
246 274
356 502
251 136
269 489
640 707
61 903
333 994
230 774
714 627
400 503
57 544
95 201
282 886
924 297
69 430
606 223
944 522
374 259
430 17
732 657
308 949
421 754
591 710
887 579
305 921
487 113
498 787
820 628
348 793
10 702
482 595
754 832
804 4
400 962
457 183
576 427
98 675
373 491
980 325
457 668
257 248
168 461
525 303
50 913
970 586
114 610
10 355
732 68
900 832
663 534
632 80
244 286
716 976
342 278
713 386
825 824
147 292
333 497
81 88
582 748
507 450
567 344
769 257
826 338
398 124
734 790
163 671
590 282
703 25
392 251
446 50
599 216
51 606
87 292
470 404
609 812
976 489
423 806
453 308
66 97
708 560
655 203
56 55
75 500
340 528
151 952
619 752
639 765
855 912
752 614
184 347
960 652
403 49
434 223
518 595
703 477
378 896
97 695
164 283
402 400
904 850
815 100
853 401
748 201
126 589
696 468
348 735
700 292
149 538
204 667
11 521
276 655
800 481
767 93
365 355
634 258
600 142
36 130
220 167
993 97
225 223
309 752
837 48
505 703
90 727
284 827
163 238
590 779
225 441
278 685
102 993
346 599
278 693
328 781
627 179
189 852
287 599
94 819
295 72
28 484
548 584
842 877
76 377
298 975
6 404
467 844
543 695
90 45
609 991
521 301
794 891
655 306
816 671
670 206
873 962
979 754
398 397
459 161
26 836
213 402
514 977
454 996
754 214
900 198
95 978
901 171
835 427
473 238
645 150
574 4
596 580
394 830
291 598
578 202
949 201
191 685
506 209
1 861
297 253
666 712
260 633
282 843
437 883
454 307
40 3
867 470
258 976
979 240
173 345
837 242
106 780
663 410
775 700
27 700
514 166
669 552
718 446
629 225
461 687
903 280
466 7
180 809
586 788
434 617
145 986
3 452
526 48
119 804
194 669
36 388
17 193
189 918
500 841
466 809
233 50
287 789
55 281
42 616
333 87
6 199
890 801
262 93
484 197
674 373
470 784
987 230
467 976
422 663
43 334
85 513
155 776
580 127
860 504
391 648
103 642
189 749
438 624
686 647
636 310
198 889
255 888
898 879
42 285
742 942
639 966
426 202
773 146
122 926
982 8
855 890
233 543
731 264
513 765
419 910
276 525
722 717
962 124
29 339
99 701
713 918
254 31
327 82
665 875
849 487
902 600
252 104
175 95
244 885
771 316
432 524
389 605
169 483
171 888
433 310
809 147
774 943
616 675
344 998
89 576
679 850
482 588
214 939
509 357
516 445
280 701
282 471
12 204
1 357
383 749
386 184
463 261
374 992
693 856
977 891
129 473
684 365
61 506
244 404
893 801
305 312
217 859
719 869
132 271
360 280
971 872
10 174
389 248
160 543
103 593
821 294
894 292
732 391
436 836
295 131
262 968
466 559
512 467
698 386
293 942
99 659
493 985
363 806
489 615
381 433
988 607
347 321
186 577
405 673
65 944
618 716
730 898
124 149
660 937
332 106
212 196
949 469
398 69
976 413
62 214
464 705
963 681
433 662
425 172
513 586
626 469
866 420
374 247
599 394
514 776
911 830
221 576
204 198
667 298
856 712
597 165
213 172
307 427
257 642
754 448
185 611
305 702
72 671
330 91
701 571
49 689
601 508
966 196
415 326
806 202
127 72
623 855
296 982
317 928
781 81
286 561
602 990
747 365
226 506
727 798
512 853
654 400
268 251
624 265
491 770
610 340
723 175
68 280
215 475
362 125
771 869
545 169
918 244
386 285
975 461
304 190
379 722
931 107
73 375
449 768
965 328
890 340
400 624
366 959
867 938
926 445
840 62
327 944
868 473
349 932
488 315
445 677
393 858
780 930
203 639
85 875
668 643
669 374
937 678
165 78
256 492
223 278
578 291
977 748
351 498
977 839
299 351
622 27
329 656
990 735
402 92
128 721
114 338
207 723
355 68
926 409
321 84
854 126
640 672
844 384
347 760
773 908
395 717
170 339
703 335
356 634
105 830
481 287
389 516
84 364
93 490
858 476
614 788
937 222
469 483
416 541
59 407
956 927
248 476
898 479
533 643
519 944
4 387
687 142
675 718
583 297
914 534
588 577
183 959
596 84
335 224
586 658
133 822
841 171
410 376
908 463
132 878
758 979
970 206
875 789
111 815
846 438
408 200
997 778
229 400
966 228
429 334
492 966
516 826
284 986
357 60
937 992
171 424
198 899
235 65
648 764
594 360
43 242
434 315
321 500
