824 2514
156 549
140 815
289 22
515 547
77 324
505 560
102 340
671 54
690 806
123 356
97 765
783 632
736 35
493 682
490 13
513 743
389 456
818 383
235 569
198 16
810 69
32 77
70 661
442 401
723 717
44 573
44 782
181 303
663 412
633 568
135 498
196 279
547 521
308 19
177 310
166 410
103 192
380 445
163 55
517 615
239 256
583 231
462 97
309 173
4 42
340 130
378 758
767 112
535 675
557 189
651 56
248 214
746 246
278 606
361 172
810 52
510 329
555 420
644 550
243 144
797 820
160 620
784 406
357 265
105 288
559 581
623 473
456 129
194 667
19 762
497 619
766 720
198 662
702 646
242 769
252 442
26 85
780 78
647 69
120 610
542 165
294 620
412 71
803 731
641 148
199 623
240 326
610 93
85 567
214 133
160 238
8 646
472 274
569 723
418 659
627 349
385 752
578 212
138 631
529 504
810 160
523 112
821 822
73 424
720 797
705 328
500 809
321 685
451 656
54 607
147 213
58 79
651 222
249 370
160 659
89 409
110 411
111 523
438 402
117 168
80 239
5 763
62 484
467 737
342 88
608 128
707 299
72 538
12 4
236 318
716 43
96 30
367 782
742 389
809 419
267 516
515 525
292 79
633 474
696 182
492 476
147 75
476 147
166 755
183 45
580 521
154 596
156 139
730 759
251 434
34 747
18 164
547 187
517 142
555 87
114 317
333 541
669 408
463 260
139 527
411 290
432 88
191 516
97 726
39 719
227 119
651 770
731 112
499 193
598 638
215 133
396 41
220 317
165 593
591 350
188 790
507 549
93 292
563 394
707 281
564 182
103 282
163 193
679 754
448 383
803 135
20 346
258 61
423 352
260 134
584 160
177 382
417 644
13 89
557 606
120 534
637 421
106 226
164 329
311 81
166 427
562 177
196 570
748 127
244 808
147 823
798 634
250 820
169 144
739 30
78 102
160 703
819 333
783 371
269 660
38 688
609 340
148 80
458 703
724 214
726 182
124 343
385 184
806 382
784 112
99 454
212 100
412 614
288 119
289 127
182 185
538 38
717 17
171 680
116 610
762 182
763 44
301 805
197 413
546 776
131 807
208 435
668 428
374 547
250 56
752 138
111 564
494 274
152 26
156 239
108 752
669 406
464 773
68 168
174 410
383 474
521 112
483 659
209 652
653 627
763 616
69 183
694 287
343 487
40 451
789 343
61 605
257 46
817 192
414 54
475 764
87 297
270 251
183 549
537 193
314 785
543 447
584 36
251 32
731 801
474 235
672 305
49 117
765 535
326 603
41 774
562 599
556 565
74 198
632 819
759 820
775 510
585 357
200 197
736 322
274 129
220 190
153 555
264 460
819 721
568 229
437 9
99 509
780 156
176 301
305 817
530 353
269 267
608 48
424 332
599 567
33 722
273 534
420 469
694 663
577 766
261 125
67 495
450 509
179 518
364 736
143 564
424 106
622 259
248 35
213 389
87 97
469 422
487 779
695 358
146 62
238 503
726 408
639 740
58 415
95 461
388 406
706 441
484 575
608 97
627 370
221 103
756 89
815 579
318 558
400 347
273 227
592 565
246 128
631 367
655 219
308 438
294 65
673 773
526 353
643 231
772 607
350 269
495 632
243 776
561 5
262 809
12 507
489 565
308 769
202 268
705 72
27 100
580 246
88 513
139 52
328 378
775 175
172 128
669 606
817 768
394 723
252 182
16 215
676 560
53 382
181 681
610 182
495 680
629 752
298 375
67 676
451 261
306 512
824 174
580 657
653 656
428 568
266 303
252 404
705 723
627 320
523 397
564 794
156 799
646 341
66 524
315 415
140 312
698 467
790 437
314 472
423 14
738 82
237 816
806 30
103 460
595 131
462 579
157 187
548 704
753 552
790 151
446 606
138 83
653 165
503 2
179 610
723 554
207 325
686 520
157 198
386 597
120 121
673 808
709 239
146 744
187 342
203 816
466 812
413 744
176 454
233 642
659 346
608 292
543 468
758 786
372 390
585 677
214 417
231 637
52 686
5 69
565 706
819 571
783 545
223 534
492 159
258 172
674 547
745 371
726 447
183 214
486 339
142 17
290 796
425 566
597 808
584 339
137 165
480 66
351 778
567 817
180 53
292 817
7 350
84 691
50 434
750 788
290 507
117 527
686 208
83 543
546 639
311 739
661 772
321 320
697 29
788 279
257 675
633 5
712 396
30 54
287 685
383 162
227 654
176 358
503 158
328 236
155 487
563 89
411 452
416 777
277 824
484 198
481 802
600 210
105 111
214 603
629 283
471 104
790 179
666 453
541 109
321 202
599 155
106 573
377 247
417 609
145 562
493 535
593 294
423 90
814 601
152 552
510 255
390 487
613 225
596 175
814 354
299 556
428 54
211 318
212 176
197 420
50 574
756 735
207 127
808 730
619 151
218 519
185 259
518 463
633 23
104 792
582 168
361 308
710 582
642 117
458 787
221 277
703 399
733 96
467 598
779 29
811 369
260 9
118 333
689 7
325 557
705 97
254 235
383 438
352 458
450 512
391 742
729 508
54 729
220 241
276 120
460 186
777 200
213 478
529 821
475 293
718 483
755 407
314 294
797 347
465 210
604 11
642 255
524 17
542 604
476 340
764 334
381 4
272 568
735 223
101 714
637 307
628 129
565 444
741 667
179 548
376 40
103 786
779 782
340 721
803 366
641 95
779 233
362 463
2 236
649 629
296 550
95 257
36 424
495 21
315 371
267 289
686 28
321 793
395 574
175 537
751 181
738 503
280 771
69 316
434 564
574 545
406 728
560 415
762 183
399 704
709 167
450 660
253 107
114 124
313 693
247 440
600 746
320 39
85 318
736 767
680 156
347 136
482 775
672 315
642 793
274 635
791 489
9 144
210 198
384 456
49 313
637 152
805 311
164 385
751 591
314 216
705 470
176 644
392 332
344 634
368 801
735 769
188 398
528 56
802 228
589 737
492 335
739 643
541 244
302 568
285 75
71 464
437 432
64 418
775 559
801 771
107 4
144 10
738 190
116 736
177 812
36 706
292 340
645 803
707 706
541 391
391 239
52 450
750 665
529 80
721 713
111 795
422 232
120 198
376 741
69 184
269 155
804 429
788 359
493 114
809 369
294 365
163 42
180 76
422 636
153 563
299 797
411 359
584 744
399 745
369 182
790 646
6 14
800 539
102 18
249 209
621 408
700 617
595 610
757 616
39 665
499 719
426 310
595 487
379 616
569 520
130 762
221 102
166 228
175 215
112 86
184 579
98 25
158 407
407 550
765 5
660 716
441 95
297 712
662 86
784 769
772 405
807 724
489 481
801 367
346 512
458 525
384 356
188 661
427 378
229 737
15 676
507 639
592 114
24 9
530 222
725 698
119 682
798 213
377 95
105 162
306 101
368 353
78 367
732 179
520 461
704 47
745 296
447 239
397 549
658 39
717 253
718 245
77 211
80 14
812 727
744 762
243 789
105 621
268 143
287 125
273 649
516 40
579 318
783 103
660 722
41 262
441 105
41 684
263 21
12 672
401 555
341 395
153 749
284 352
824 580
142 347
336 330
302 313
604 464
231 583
72 799
442 580
422 45
368 189
596 293
689 717
72 729
235 458
823 573
97 695
100 401
246 336
321 452
54 584
200 455
626 274
755 151
522 451
484 330
690 653
262 89
301 50
140 427
643 689
202 649
24 681
482 649
179 667
273 788
553 23
21 383
706 98
817 496
583 375
125 496
716 706
410 131
712 543
605 641
148 627
396 321
163 86
475 472
95 553
22 399
722 721
483 392
395 628
287 418
511 693
419 708
521 39
232 578
732 151
56 752
168 201
560 763
651 326
502 75
732 577
270 727
477 775
8 172
7 603
49 512
30 55
747 579
269 710
678 217
228 703
802 634
178 119
126 90
404 661
104 628
400 399
724 674
240 206
664 427
539 809
628 639
668 627
354 90
82 439
710 104
491 479
256 429
111 383
96 684
155 4
304 762
123 69
259 687
209 73
671 307
396 710
348 642
810 46
24 226
759 538
156 487
361 537
21 336
79 510
135 440
748 664
378 95
401 409
771 294
748 244
561 354
470 742
379 765
422 270
367 716
632 382
560 491
745 366
229 325
448 815
231 699
48 252
754 378
574 209
278 498
814 213
820 700
239 13
188 491
335 542
319 165
531 367
533 95
516 249
111 71
331 501
481 541
228 596
321 703
144 357
589 152
683 745
745 343
303 744
417 348
350 120
479 650
262 667
627 783
365 90
370 494
476 99
482 716
200 314
520 227
482 457
247 566
216 293
812 262
442 526
595 205
619 337
64 94
373 204
486 805
529 591
803 56
605 305
195 287
4 588
108 49
734 261
293 694
58 208
153 598
7 692
66 16
504 496
741 563
298 175
154 734
33 604
514 5
510 280
385 514
522 670
651 811
692 607
824 816
89 518
738 173
298 571
100 629
209 672
162 26
205 88
335 379
651 521
157 277
557 39
803 200
623 744
594 86
484 701
235 395
572 778
801 535
347 515
301 743
582 439
364 42
554 579
295 322
777 301
299 458
814 682
746 747
1 302
347 19
576 422
570 302
579 147
561 652
430 436
786 670
20 749
40 174
367 278
260 724
281 562
709 7
345 812
326 601
824 280
361 469
558 666
272 80
533 341
3 663
787 123
360 648
453 160
134 403
201 789
628 321
261 345
177 803
511 655
732 167
327 712
477 678
295 483
244 780
189 210
743 655
155 430
284 202
473 332
594 518
166 695
647 223
297 548
354 2
263 214
584 666
56 83
610 819
202 804
244 629
323 693
395 224
604 143
725 169
491 635
41 229
387 580
12 692
398 357
482 87
302 442
603 651
748 491
257 481
613 510
26 117
158 622
512 377
378 576
363 642
471 40
183 41
24 590
779 750
660 130
201 346
535 382
265 35
201 605
753 24
309 95
809 209
790 599
727 57
713 320
419 768
424 256
376 505
341 266
273 218
682 253
220 812
646 783
245 174
101 617
782 304
603 430
821 283
497 322
777 400
278 348
303 132
454 687
487 726
164 235
628 461
169 557
479 776
122 535
551 601
164 122
437 260
240 704
665 545
102 218
592 549
627 806
367 121
389 818
64 786
266 498
621 497
586 238
734 528
741 707
222 324
463 602
605 797
700 444
519 359
316 707
44 568
429 551
193 550
485 21
268 48
531 215
484 717
463 505
633 112
118 55
584 225
435 219
366 678
156 218
304 243
736 673
239 269
733 247
436 489
572 142
755 150
612 309
482 123
488 697
547 674
481 284
200 599
2 648
439 54
630 378
469 779
218 720
545 416
686 92
300 239
413 520
652 434
486 600
575 502
281 174
744 818
800 425
32 515
489 51
453 93
1 628
92 248
292 93
76 354
203 28
413 810
161 484
185 651
183 320
171 376
759 155
282 454
737 441
51 72
24 689
206 345
408 272
797 778
63 346
728 100
266 495
217 481
809 722
405 784
376 680
731 415
343 422
772 715
84 152
239 121
220 783
470 274
391 54
664 584
337 352
290 355
512 720
57 527
775 534
61 410
137 492
695 625
90 19
211 29
353 273
409 90
364 810
291 26
41 615
281 16
407 592
684 805
380 685
745 785
120 151
410 656
57 93
611 473
776 439
335 52
615 283
530 49
163 818
185 257
101 599
671 170
418 220
23 29
824 23
574 408
410 117
676 328
805 172
349 555
710 91
289 331
643 772
515 91
183 420
650 267
747 553
457 477
22 424
428 809
622 438
456 88
60 464
47 349
745 771
525 656
513 819
623 72
537 66
721 749
685 533
45 299
47 187
59 446
694 749
237 142
755 497
29 130
358 120
487 145
289 317
271 197
595 95
7 768
727 618
322 744
701 467
14 775
557 636
661 45
495 166
278 648
88 341
289 673
3 719
532 161
92 276
793 354
779 715
90 411
789 283
191 297
776 373
508 782
490 218
492 234
314 563
389 457
9 100
144 30
291 193
271 480
658 148
818 210
158 627
200 756
569 22
109 768
368 812
628 717
221 177
612 92
546 373
200 297
609 723
173 500
121 809
505 535
269 278
803 751
611 365
299 444
82 580
670 93
203 81
72 61
93 665
403 106
153 295
596 398
43 518
106 766
486 488
676 243
200 662
93 95
475 524
205 131
117 286
635 810
617 491
817 342
432 820
242 522
96 385
371 210
334 458
190 335
268 235
686 412
273 287
534 467
665 96
526 258
455 189
367 503
200 30
815 245
550 345
197 25
676 695
474 491
26 294
145 263
796 691
656 260
366 164
230 320
228 141
164 9
151 804
167 356
194 329
340 280
286 227
803 471
736 18
384 103
37 787
280 579
361 376
563 597
613 519
520 589
744 534
819 731
380 405
806 724
666 772
421 256
320 456
526 759
766 550
74 798
346 91
172 667
535 465
702 404
646 385
411 391
289 137
580 535
129 189
336 786
244 368
684 226
503 48
744 72
411 382
820 552
271 353
615 687
658 411
768 50
623 449
74 111
669 206
725 401
48 664
66 731
622 214
752 337
643 89
639 548
190 66
763 742
413 651
450 608
688 135
475 616
579 315
447 11
485 196
76 92
125 744
687 418
573 490
115 379
405 72
688 566
410 5
51 739
602 529
7 821
82 547
109 506
99 243
281 500
174 180
123 162
486 122
111 603
772 359
155 775
808 467
398 634
701 440
384 101
62 146
652 647
543 298
290 147
733 253
36 403
274 591
711 581
490 532
380 219
186 467
133 584
7 163
635 410
625 160
365 613
242 295
637 568
2 314
772 509
169 283
98 403
408 178
352 246
249 37
718 298
166 183
388 373
465 464
357 83
357 194
191 668
151 237
176 156
623 263
165 443
292 821
424 48
151 632
190 397
62 582
709 521
649 233
201 802
36 306
20 671
402 174
149 578
208 156
687 198
817 35
807 688
529 44
233 767
487 92
150 191
396 492
382 221
442 741
669 654
636 26
663 181
286 818
413 218
402 483
7 347
264 384
785 34
804 275
199 531
350 585
518 650
766 735
109 809
789 71
189 795
812 693
505 818
126 564
53 311
226 627
463 306
466 242
212 69
469 39
558 421
503 264
91 650
573 205
169 196
268 648
252 434
471 101
383 274
130 587
282 796
32 390
88 408
399 690
753 791
203 644
42 306
187 92
358 39
53 796
222 694
522 760
526 224
376 695
451 669
606 7
589 117
209 563
563 55
533 227
383 204
213 230
807 606
694 610
692 667
199 227
256 224
122 796
103 676
202 570
97 746
757 241
618 226
263 564
553 719
553 130
511 334
556 300
615 275
157 812
503 399
737 555
539 726
449 5
714 813
567 337
58 258
700 181
138 355
57 509
34 755
10 657
261 139
32 551
16 476
606 444
662 807
607 791
738 153
115 109
99 743
82 414
50 362
16 560
781 412
584 712
513 105
168 794
561 402
318 364
302 554
581 682
69 741
178 25
217 18
19 260
404 683
758 164
268 106
487 345
493 139
664 393
331 135
613 106
373 379
817 202
433 62
129 200
629 42
443 101
283 425
804 768
164 679
175 809
707 180
392 42
654 379
820 42
385 93
738 613
61 325
615 738
637 337
740 720
213 176
347 451
792 372
775 643
43 253
513 469
656 734
604 188
201 188
665 288
236 289
175 656
362 316
586 738
383 541
120 187
265 694
395 790
252 117
123 184
626 765
41 479
619 550
449 511
40 342
370 709
22 474
262 30
9 522
569 801
34 514
575 417
796 434
229 613
623 437
647 286
101 341
798 453
710 753
15 549
712 96
27 149
209 778
235 604
698 543
167 330
691 628
156 678
286 781
349 179
667 82
387 577
482 788
818 295
765 556
382 510
196 761
385 160
278 661
230 361
310 570
234 650
505 454
751 606
60 822
725 127
128 520
18 811
497 453
558 10
778 235
559 311
381 256
241 803
602 524
270 438
418 519
532 506
109 524
408 198
652 711
594 306
212 318
233 87
768 171
327 773
111 329
222 115
131 775
465 4
213 281
437 796
114 674
154 648
583 688
655 39
200 326
129 491
224 482
663 338
232 610
233 770
307 250
536 15
528 206
432 568
314 251
543 402
153 319
339 349
487 281
732 469
759 507
814 457
483 36
31 545
348 683
4 495
688 226
193 79
747 314
714 571
288 618
733 227
225 1
26 210
446 815
413 392
270 766
343 412
241 129
597 95
512 329
88 438
434 670
329 377
150 727
246 150
449 77
518 194
224 37
477 397
62 548
600 75
102 692
325 158
594 601
97 215
206 435
685 121
514 310
491 654
775 701
135 802
751 377
729 326
311 125
786 818
797 822
551 107
572 281
739 686
539 64
221 13
237 348
310 46
350 604
171 801
631 32
506 115
749 469
472 63
364 680
209 413
781 346
656 194
249 569
343 219
191 801
450 816
142 479
588 699
41 200
189 746
236 349
146 755
43 422
206 118
94 165
792 260
6 628
5 756
805 93
92 467
348 434
278 311
45 35
45 494
746 269
549 525
579 571
708 372
339 491
531 712
589 66
560 328
544 589
545 484
269 167
398 448
399 498
20 584
62 486
263 291
622 258
675 163
658 153
55 214
494 472
44 760
446 707
486 246
570 627
274 545
499 3
147 200
298 773
617 686
525 355
69 236
477 433
326 670
592 374
59 330
43 404
388 355
429 340
755 626
175 202
267 736
752 566
87 283
495 467
650 406
798 38
341 569
235 427
788 120
520 267
373 643
407 788
764 143
734 644
364 407
101 708
551 184
186 552
460 191
296 623
536 589
234 54
470 480
553 487
311 403
352 736
18 194
268 601
68 782
365 135
98 824
600 53
319 554
547 165
231 278
177 376
236 548
293 641
242 235
689 640
633 28
106 351
195 108
472 743
197 203
733 9
238 696
738 481
811 477
51 685
196 501
16 787
37 739
265 642
660 395
733 662
556 109
132 812
739 28
210 360
741 423
137 776
618 601
468 672
198 633
824 184
118 613
20 8
481 478
797 336
710 169
768 90
694 525
236 288
736 153
475 175
166 575
651 823
428 31
720 653
84 776
658 764
226 519
62 314
192 309
693 598
308 33
185 684
775 645
540 65
500 115
335 745
305 123
783 48
397 725
760 167
528 758
407 284
552 339
56 408
228 370
691 245
507 442
804 444
736 15
170 166
775 56
303 390
691 137
461 736
426 386
118 116
321 163
550 417
202 51
504 739
500 316
63 216
111 204
25 522
421 740
350 453
676 366
237 667
218 639
537 736
240 272
60 366
298 122
779 50
240 575
367 532
728 175
174 262
583 708
381 696
35 279
332 284
174 523
528 646
269 611
92 10
495 362
93 53
64 422
10 277
285 547
288 702
24 393
479 747
480 731
466 409
817 647
26 757
268 231
252 508
270 199
517 281
442 677
595 396
478 752
726 220
174 265
344 330
640 311
115 819
305 197
507 775
308 348
493 808
380 497
794 269
227 388
121 631
746 479
588 494
254 718
613 600
429 593
717 4
674 342
108 16
479 216
466 298
616 14
561 691
195 653
803 311
224 17
539 103
537 586
404 599
729 579
742 70
676 385
502 474
529 222
87 322
119 92
76 516
610 387
742 209
822 89
58 788
809 52
744 543
447 12
487 165
641 137
771 496
518 209
817 333
405 77
172 789
708 700
68 137
101 153
661 311
510 759
225 434
498 624
318 394
782 643
676 130
37 771
633 107
526 542
670 643
235 323
272 215
664 174
165 319
100 738
377 99
639 351
470 693
378 468
531 424
112 56
282 773
588 708
291 796
40 28
9 328
543 700
267 625
437 257
224 781
802 172
68 611
125 195
772 353
275 203
370 737
539 221
43 336
154 373
435 289
155 212
284 11
820 117
605 596
643 724
517 632
77 636
578 35
69 700
786 523
676 47
163 334
146 746
151 671
206 734
763 537
490 495
787 399
628 649
76 254
794 141
730 530
106 360
715 36
137 212
348 112
315 121
812 601
561 788
500 608
322 205
14 175
822 221
662 668
754 661
24 725
367 81
481 596
104 515
34 306
72 225
398 754
148 641
111 255
276 491
569 185
671 727
68 440
394 800
109 603
628 656
517 478
388 201
392 140
510 807
809 491
373 113
211 321
122 435
33 468
215 409
342 771
303 245
131 77
731 106
477 583
238 14
594 584
370 501
193 194
466 800
584 131
68 124
680 33
235 485
721 225
189 118
443 694
789 498
23 277
666 690
556 693
98 637
802 40
767 270
34 587
146 580
509 736
167 531
96 587
459 609
423 639
212 175
625 434
240 203
613 432
136 555
319 293
140 454
323 501
475 107
95 212
632 150
173 522
100 574
601 119
530 384
530 77
342 162
614 352
524 389
567 719
472 247
162 194
346 103
293 503
740 416
761 234
192 758
602 385
379 213
456 811
537 108
577 264
12 394
587 537
142 151
71 546
384 508
347 480
544 783
629 761
86 79
86 496
646 301
460 272
171 504
265 262
352 820
18 54
517 581
276 280
194 279
760 248
719 302
136 388
501 368
491 799
755 484
81 226
317 257
744 115
154 606
660 11
351 38
705 163
27 404
100 691
103 678
821 343
473 615
265 664
769 226
153 735
616 363
707 481
690 676
105 92
271 72
479 26
551 697
581 798
86 660
233 577
533 91
683 137
369 561
62 619
137 253
191 438
451 307
810 28
504 146
231 684
499 365
399 416
719 316
495 11
116 96
562 117
164 480
384 449
681 800
61 104
725 662
10 80
449 411
622 6
397 302
77 477
494 501
266 340
489 141
695 432
77 516
466 282
659 800
268 735
384 707
297 121
781 279
269 195
514 255
517 647
345 224
395 92
500 391
165 776
604 378
678 815
576 475
742 678
322 309
268 396
452 475
241 280
738 54
99 646
7 60
392 358
29 363
375 312
589 23
368 613
481 176
655 103
652 249
747 384
712 446
162 621
397 7
491 436
751 775
166 785
560 536
402 279
603 321
290 633
751 185
365 548
223 624
578 458
580 813
374 274
175 359
749 115
363 716
270 338
734 189
594 93
631 559
31 702
642 442
20 492
227 160
62 436
802 225
665 459
520 721
812 458
722 661
483 452
670 56
86 803
322 752
786 323
660 118
111 793
773 305
259 266
714 362
206 7
504 355
502 434
180 467
410 699
175 23
341 379
106 563
601 752
477 113
121 276
548 63
783 453
15 176
471 391
2 346
262 349
32 56
603 460
634 581
665 788
481 679
500 178
489 231
643 586
373 471
326 743
440 722
94 181
354 30
654 620
496 499
81 49
561 690
363 101
620 128
632 324
80 641
466 764
341 43
217 642
270 436
330 201
315 314
804 781
766 692
766 73
74 313
328 628
690 40
748 732
511 518
604 620
501 87
169 738
822 201
642 611
112 623
813 628
