1000 9876
472 584
588 715
256 345
315 940
812 314
907 730
489 575
826 486
510 839
259 571
5 195
725 724
191 232
503 10
858 55
934 320
517 184
5 84
706 227
912 878
948 36
610 519
459 49
226 796
94 723
299 712
193 77
1000 363
861 694
476 724
97 553
117 678
549 841
473 798
558 761
425 899
243 900
764 207
611 165
984 142
216 56
571 894
654 191
503 767
566 987
36 882
718 882
24 794
424 212
463 157
70 81
2 209
495 556
150 89
353 67
358 861
597 800
487 440
236 676
625 543
207 166
349 439
830 702
135 796
600 363
862 751
483 970
525 485
254 127
332 733
314 944
97 288
702 310
651 339
618 130
732 158
536 202
655 680
717 351
76 553
332 728
301 29
707 857
263 303
12 621
91 44
54 208
827 336
556 114
673 842
730 653
664 51
43 222
576 390
726 433
930 202
604 789
716 767
60 891
61 558
975 878
484 907
530 631
76 117
342 57
329 846
200 578
590 339
955 722
632 581
890 553
998 660
677 629
938 144
476 922
203 242
789 615
95 928
243 725
485 688
344 316
56 496
627 635
385 914
481 613
243 834
541 183
194 258
801 298
225 294
199 23
960 757
445 115
717 689
782 50
236 24
921 718
26 490
706 280
468 59
51 85
259 96
923 25
768 738
640 805
537 911
754 703
125 699
226 356
474 719
212 183
103 344
827 978
743 158
619 148
297 163
742 338
390 711
42 145
619 37
547 320
144 477
675 721
816 431
27 520
490 226
418 903
770 464
666 225
443 312
941 89
889 984
563 539
766 54
489 42
626 733
202 897
850 21
906 771
487 671
177 325
845 782
556 199
281 423
357 116
879 467
923 897
565 800
603 405
380 42
789 808
797 461
679 958
734 824
533 307
104 75
506 739
677 664
327 275
221 780
919 719
223 322
170 90
961 381
579 186
577 144
255 637
695 752
419 941
95 900
498 763
423 909
710 521
611 378
498 545
118 350
361 797
769 784
188 264
282 965
709 954
252 903
382 594
700 659
499 978
761 427
923 116
282 884
892 599
767 325
19 591
477 919
653 948
784 813
677 62
83 497
601 364
819 293
32 561
896 774
219 753
970 923
115 512
885 44
512 854
857 523
129 282
420 271
847 96
200 337
893 738
219 927
238 489
166 878
232 514
563 710
893 851
309 642
805 525
185 646
93 875
295 499
386 397
951 587
380 761
586 956
381 16
533 147
3 684
498 332
996 467
409 381
603 723
362 687
783 516
441 212
571 514
793 280
243 337
264 714
372 619
871 627
674 45
687 61
271 905
702 487
9 154
38 896
641 683
233 581
877 788
270 194
310 707
943 834
523 510
797 243
32 435
160 248
208 91
424 701
856 672
838 528
363 432
470 372
237 407
407 157
86 324
806 77
865 519
536 609
539 322
339 680
217 260
571 853
758 485
631 873
245 222
47 456
416 542
914 373
588 668
790 416
331 397
84 67
77 377
785 224
325 167
899 104
194 216
932 877
171 862
303 513
275 844
862 752
75 750
193 895
235 484
965 154
115 171
704 412
318 588
300 47
28 990
430 606
931 151
698 246
719 860
977 341
409 673
391 785
732 473
314 917
882 458
276 55
632 221
818 187
288 516
621 943
380 995
452 400
155 991
345 509
769 355
683 190
372 766
564 416
380 193
313 264
977 785
307 895
950 588
554 301
203 201
901 24
868 205
482 256
742 738
830 68
751 656
730 346
259 728
407 304
506 509
142 7
369 771
622 790
267 16
274 278
169 116
353 503
320 248
174 775
801 623
145 3
364 145
120 597
164 518
732 676
213 105
40 118
31 952
287 322
344 780
336 876
353 66
926 943
362 144
714 77
550 735
164 110
24 569
324 137
407 730
620 791
123 809
861 27
974 810
480 58
135 172
31 111
989 247
448 695
31 508
292 1000
702 867
718 645
985 813
603 746
849 366
633 439
671 189
413 221
676 709
453 716
437 215
827 339
760 814
542 170
485 251
842 828
590 182
428 397
847 927
661 329
339 649
78 501
560 340
617 133
856 971
712 367
147 60
481 922
691 571
750 26
420 739
94 478
792 438
367 590
498 939
470 333
860 861
347 690
26 713
943 262
618 795
51 182
142 227
291 743
22 910
30 28
296 335
504 562
710 422
913 192
402 327
97 933
740 665
174 803
468 68
394 931
786 481
572 434
113 435
480 241
425 783
472 302
734 74
520 860
294 603
888 630
762 147
763 438
415 509
520 811
315 185
124 815
615 639
31 178
13 355
107 328
219 946
427 577
300 209
463 263
637 728
908 400
319 452
943 766
603 601
825 583
385 230
24 418
775 977
350 383
985 777
774 267
405 860
210 722
281 422
730 767
281 514
932 579
592 756
920 11
283 290
402 302
46 977
557 344
287 553
238 441
76 300
756 702
243 485
996 237
584 487
473 360
695 557
980 63
280 392
71 451
765 297
146 337
826 415
151 544
731 278
324 960
643 664
1000 208
958 3
892 190
639 730
471 896
792 513
873 698
855 638
235 657
256 846
795 787
444 518
118 206
52 744
202 189
165 55
421 413
350 13
136 259
245 423
417 986
108 71
532 728
923 228
968 728
507 675
849 968
499 755
596 195
927 523
320 717
265 835
583 327
605 267
571 391
553 240
40 477
903 444
933 586
559 430
158 525
571 500
609 185
461 740
297 579
137 822
266 914
196 343
362 123
932 419
279 580
27 535
874 222
547 204
506 966
404 235
997 788
10 366
234 192
400 626
935 546
167 692
680 834
43 490
245 960
263 225
550 518
270 647
56 527
898 63
295 208
600 864
159 417
733 988
850 792
263 391
471 352
238 85
240 494
849 80
479 789
772 754
604 528
795 691
958 221
155 528
142 782
440 987
848 39
316 517
189 497
372 953
360 833
273 830
476 835
117 607
902 919
321 42
514 891
971 785
860 773
630 407
873 662
173 71
203 411
795 255
464 973
434 173
640 960
936 311
458 39
111 154
402 164
31 566
890 494
822 839
255 84
457 485
706 752
364 332
554 940
126 820
250 423
16 51
681 295
629 409
701 828
218 302
954 233
153 111
11 889
470 577
31 138
390 456
883 403
331 968
941 15
860 97
887 463
823 924
606 532
664 827
777 764
560 252
758 755
323 102
949 806
954 972
827 310
793 330
100 284
48 447
68 818
531 570
9 879
452 401
791 750
879 10
898 535
593 149
976 795
885 869
355 678
281 527
868 1000
885 790
393 86
256 827
12 824
623 134
328 637
756 613
995 487
371 513
544 669
321 276
657 658
855 851
512 187
307 809
809 623
369 32
867 973
649 502
372 925
234 361
696 951
576 901
798 329
631 185
636 209
963 611
855 945
368 503
739 200
759 21
905 318
286 947
804 564
471 825
330 959
350 58
709 625
156 791
529 267
771 338
798 495
264 400
908 937
965 680
931 536
18 675
852 254
969 318
552 210
995 750
17 866
672 731
155 220
612 712
174 872
719 108
762 449
28 797
859 633
434 612
680 340
789 350
943 741
50 596
842 456
168 535
902 358
917 107
43 306
962 516
814 733
929 437
234 427
915 902
917 220
573 842
941 678
279 963
68 790
713 607
767 660
238 418
935 456
107 779
78 331
348 278
941 567
781 930
927 612
454 650
346 3
698 348
185 391
683 384
539 914
218 249
381 539
612 393
425 289
392 182
313 404
389 791
380 452
695 799
442 919
540 860
523 662
748 991
160 400
895 536
970 417
830 141
942 587
121 779
818 749
766 783
839 65
880 446
74 333
577 114
117 297
580 951
784 692
933 29
592 401
496 262
867 281
122 448
143 924
681 93
294 600
112 325
404 515
831 932
444 284
766 715
801 965
822 553
810 669
334 375
27 669
384 366
520 522
410 446
90 650
96 23
560 934
229 325
146 443
982 230
652 980
650 699
353 553
285 324
562 44
897 66
167 864
974 80
230 390
860 710
894 299
436 839
272 736
870 304
141 774
379 375
604 836
641 246
915 787
347 213
518 156
439 765
522 83
301 764
655 989
252 110
825 2
132 382
351 266
699 850
403 453
963 797
180 17
255 639
147 968
721 339
118 301
658 324
972 164
204 830
526 884
613 726
66 827
873 697
602 409
910 86
201 512
271 408
613 551
9 649
856 484
505 250
217 302
861 621
952 823
718 910
900 447
175 237
166 416
957 427
596 349
610 113
793 535
938 552
889 446
926 853
653 394
532 896
573 236
278 968
693 999
219 608
701 648
965 19
439 236
150 353
985 7
651 268
944 274
616 975
528 81
233 237
645 110
107 708
23 578
444 757
512 741
430 576
306 754
509 985
382 345
59 790
500 652
964 115
469 185
720 535
607 913
977 504
81 195
25 136
220 690
994 861
612 668
684 1
975 514
877 752
789 842
973 221
885 817
651 857
446 167
817 561
855 217
897 505
358 260
584 771
962 129
484 845
711 510
470 424
734 933
511 532
493 9
55 774
759 274
69 842
948 67
199 187
978 148
755 944
134 546
728 493
835 435
550 154
378 820
725 384
504 764
382 765
237 294
934 148
829 418
478 16
653 756
446 626
803 323
184 445
956 811
227 353
891 710
723 523
732 706
576 894
204 663
135 649
546 922
654 337
326 134
771 23
511 142
973 933
98 353
11 666
430 160
5 531
862 359
918 437
795 314
748 378
733 458
135 842
11 888
93 988
519 736
760 199
278 822
324 16
491 513
684 304
902 379
139 516
984 958
886 525
765 456
826 147
103 673
888 218
814 710
48 33
819 876
197 576
2 558
367 112
479 618
560 76
299 240
772 945
590 88
182 236
338 387
143 176
593 410
91 784
310 562
78 526
940 413
63 478
706 524
308 23
702 227
942 850
428 856
549 532
240 340
536 929
841 307
490 900
914 34
937 323
442 421
729 33
910 14
307 119
643 5
900 480
268 378
400 322
148 928
554 879
727 876
448 94
71 601
913 4
731 797
92 517
738 115
667 53
779 991
616 587
175 266
495 553
866 943
120 821
62 696
712 537
231 35
344 957
715 595
594 997
477 255
371 356
679 821
119 219
914 648
3 443
477 272
559 726
905 987
269 548
932 484
311 910
242 602
940 799
379 118
67 669
339 480
359 720
300 13
231 743
362 850
146 935
717 348
419 489
224 799
443 511
889 547
854 543
30 205
380 914
275 294
497 455
335 682
907 285
94 787
851 122
907 362
270 414
254 649
557 486
831 27
389 116
393 113
692 371
289 160
865 897
497 5
628 355
212 536
660 768
347 519
467 586
431 574
658 353
53 345
422 166
668 138
192 755
688 712
602 386
402 306
649 243
958 327
725 440
550 61
255 265
610 776
166 298
888 922
406 261
409 487
62 491
563 130
800 208
527 871
198 219
734 441
113 433
260 970
724 375
282 142
891 654
451 781
13 46
452 594
587 137
553 9
270 895
640 208
567 632
441 488
886 310
905 789
304 424
106 876
666 458
50 791
779 432
22 401
262 384
491 819
176 961
429 497
432 91
305 163
72 178
788 712
720 782
367 357
205 330
419 282
31 455
529 604
659 861
435 913
664 965
556 307
578 791
339 835
965 481
495 118
640 237
414 136
841 700
915 933
590 97
423 74
603 406
677 931
324 669
237 876
328 728
882 355
295 12
467 923
102 542
267 567
823 538
592 788
475 648
764 242
756 606
830 509
636 52
566 427
215 699
82 263
5 425
838 555
441 519
693 438
294 953
795 868
8 18
817 976
892 396
805 259
592 336
499 806
52 746
970 341
493 616
756 616
334 916
529 466
287 486
236 398
992 596
614 767
957 87
876 190
311 365
580 842
742 173
286 565
770 254
862 392
599 812
776 595
369 531
889 46
162 622
382 237
755 597
19 927
461 738
779 709
658 698
419 242
21 138
940 848
137 901
615 86
963 497
50 906
676 938
219 769
291 396
148 259
242 610
629 854
188 540
455 654
319 506
289 691
732 65
219 190
127 537
962 730
926 417
603 724
783 28
896 244
140 201
3 830
336 257
500 572
730 721
956 78
367 204
426 286
635 596
52 372
950 325
73 951
204 415
579 125
46 866
307 606
324 512
952 297
492 418
863 701
185 446
880 219
195 757
566 260
34 685
143 125
381 706
274 252
915 832
759 493
83 884
549 639
164 723
554 455
333 560
854 114
420 948
320 352
105 802
269 153
74 307
23 366
208 565
880 789
236 99
19 511
166 370
212 862
752 1
808 243
205 893
830 932
174 102
881 361
605 508
199 655
537 580
683 706
761 166
410 162
857 763
913 825
40 443
886 382
407 691
267 324
503 938
224 167
64 336
887 832
582 246
784 185
839 733
698 915
201 345
775 885
686 176
525 334
908 346
638 169
345 774
510 316
516 663
540 467
334 78
50 513
487 596
989 434
96 857
632 113
232 287
626 627
224 739
464 178
121 861
68 828
786 643
932 901
384 915
243 302
928 592
584 466
712 231
125 814
204 387
356 198
427 394
904 424
78 527
760 610
742 534
247 108
694 725
455 163
60 689
260 403
769 947
700 897
665 834
211 332
796 492
725 306
285 913
522 684
912 512
341 426
735 30
652 578
69 464
308 596
776 851
458 89
221 965
631 846
190 528
653 872
175 164
378 784
822 801
93 379
157 990
503 872
969 316
730 144
746 662
931 888
658 992
537 721
915 660
818 154
837 142
608 842
664 716
666 102
903 279
463 300
836 970
261 649
719 31
137 989
500 807
139 59
185 969
992 55
519 340
634 628
512 686
604 92
720 577
132 727
614 45
110 470
146 567
128 86
941 676
775 285
79 567
105 301
252 68
548 617
272 932
313 184
26 899
7 964
133 126
515 664
274 196
6 388
484 661
380 454
532 315
976 970
113 197
721 390
136 12
798 514
568 15
198 318
623 491
130 566
829 376
874 771
140 451
951 901
263 280
89 270
17 25
177 735
481 436
544 214
943 214
191 861
917 192
53 796
662 698
245 4
746 635
875 149
288 643
552 176
1 606
936 47
974 619
116 279
905 788
451 554
550 766
591 452
929 432
323 740
527 730
239 440
183 650
210 78
840 297
324 218
458 373
665 130
538 944
982 237
441 75
49 165
768 693
953 639
538 803
995 929
262 949
380 832
839 864
493 479
55 376
209 321
24 128
964 168
471 488
129 879
572 565
172 843
968 826
517 585
363 14
557 440
63 51
237 851
105 265
161 47
164 245
897 403
826 299
60 795
920 812
759 667
324 956
185 274
721 192
703 112
852 670
561 671
194 64
13 572
948 105
149 555
505 430
811 467
226 849
651 618
765 520
727 958
375 289
359 668
791 723
558 714
979 239
947 977
87 834
350 496
443 702
264 475
49 603
502 223
582 56
108 66
738 73
153 965
619 854
892 706
928 471
531 492
473 628
649 601
356 903
857 670
589 899
398 676
745 669
103 95
162 623
542 666
852 278
439 238
791 373
480 485
577 521
944 276
380 646
839 649
328 57
239 333
721 582
866 553
595 221
46 679
799 47
784 380
388 674
831 414
360 377
638 108
766 161
15 589
289 270
77 132
247 65
405 893
725 872
746 309
971 664
203 626
419 561
77 21
298 834
670 58
708 137
897 334
347 307
777 816
688 341
364 803
564 456
74 892
419 879
830 271
759 383
621 378
893 501
731 454
648 946
997 439
405 21
549 638
531 991
74 606
80 323
246 368
692 74
469 223
566 551
137 245
701 260
388 427
307 29
843 127
819 39
905 400
654 53
809 972
524 609
174 862
602 669
288 493
161 849
607 140
719 454
699 497
518 887
909 960
10 292
11 527
339 906
856 224
72 217
718 650
813 654
965 979
141 273
316 281
409 105
602 814
951 433
845 654
686 70
28 820
231 799
253 803
828 275
461 790
135 213
46 336
325 553
345 773
271 565
720 727
577 902
564 872
410 615
709 129
876 758
723 321
760 935
584 990
615 347
708 463
660 298
58 132
495 425
797 367
176 327
30 102
215 62
986 353
384 916
940 377
802 18
85 542
836 314
160 971
659 483
308 243
773 279
42 291
574 249
371 661
357 362
698 310
872 125
764 59
378 490
512 190
569 67
401 337
368 268
185 330
955 826
152 573
373 565
134 637
215 610
181 702
222 330
494 431
173 894
446 306
933 772
416 887
23 284
958 425
1000 767
305 543
307 121
571 772
517 470
5 642
50 700
32 800
324 291
554 877
886 14
27 999
563 217
106 596
805 60
460 664
75 979
519 770
950 803
316 479
390 946
541 530
472 743
1 625
918 484
520 819
232 785
267 274
654 418
221 71
519 544
170 775
943 896
680 200
421 918
561 379
724 785
942 200
606 725
993 240
900 836
650 563
615 670
281 172
232 606
728 579
259 814
291 327
220 423
810 418
918 800
885 435
483 687
263 149
124 715
977 5
253 41
238 327
902 500
315 714
135 479
612 711
779 200
588 726
299 111
561 912
377 771
752 849
553 768
836 643
773 267
200 426
32 273
413 364
388 892
910 793
436 51
644 504
422 506
522 924
462 971
911 357
747 907
783 312
242 337
958 107
173 977
32 511
195 394
740 423
902 857
987 844
402 252
165 142
402 304
114 742
328 479
781 500
359 712
1 770
553 365
40 824
536 605
260 805
374 399
670 744
514 576
236 420
58 964
529 389
126 399
52 566
594 677
678 587
667 19
795 454
889 423
196 601
952 747
37 311
891 258
277 504
831 929
443 992
745 672
150 45
16 126
770 139
936 191
961 540
12 202
361 312
270 994
839 535
40 259
993 163
991 1000
116 54
571 663
335 852
799 165
163 223
805 532
184 104
667 607
656 460
675 120
337 225
907 93
211 696
582 473
183 422
521 723
814 764
416 399
159 457
256 248
37 941
665 332
906 110
46 981
423 213
980 962
765 436
298 897
308 457
835 186
33 212
146 333
790 994
221 952
575 36
248 923
891 243
399 865
604 532
273 854
997 472
19 150
344 765
902 943
948 25
824 39
900 132
762 767
544 422
346 550
311 728
298 453
541 263
212 387
766 814
199 903
420 880
154 260
9 543
438 628
754 589
889 466
448 152
620 38
53 895
222 862
139 390
356 896
106 831
839 981
219 756
951 319
314 672
889 44
339 207
291 80
738 86
813 331
175 546
966 363
202 716
488 913
50 904
197 823
589 629
400 743
719 982
119 746
580 264
395 476
215 311
186 43
171 309
853 821
381 156
219 33
221 602
870 320
105 202
233 925
87 110
73 548
474 342
656 613
510 706
669 225
176 442
488 508
339 27
575 203
545 428
412 253
855 843
819 157
401 372
681 185
590 396
721 291
172 733
431 304
658 276
345 55
242 823
204 206
189 382
411 940
450 842
61 71
237 402
605 679
976 950
903 37
97 624
408 965
170 748
155 80
728 270
526 65
99 937
839 10
875 383
892 567
5 574
465 773
338 525
601 433
126 628
731 818
190 606
572 374
409 334
581 480
766 548
514 443
550 293
370 781
866 902
66 734
965 978
583 295
841 220
364 479
790 135
461 563
297 530
575 835
500 47
192 360
230 496
175 593
1 310
609 217
409 25
192 391
763 848
574 602
473 496
92 96
883 407
846 265
222 743
150 256
686 182
528 176
78 261
470 557
827 108
997 820
28 987
547 125
290 14
453 578
935 706
557 76
908 876
44 33
262 104
301 910
323 106
654 946
238 283
538 651
389 379
216 821
214 256
694 30
646 925
483 481
884 741
158 203
677 889
388 820
417 866
584 291
12 820
587 580
513 889
272 969
441 838
426 18
544 657
910 320
233 548
247 102
764 427
535 962
938 24
298 379
854 156
325 578
400 423
153 753
759 17
544 494
675 852
877 166
326 436
717 573
354 37
65 446
763 323
840 996
583 84
648 491
359 389
567 736
696 503
680 796
97 894
338 384
740 132
469 566
164 4
616 733
747 117
788 977
114 405
643 78
476 133
594 992
479 359
79 88
818 208
926 547
893 564
141 389
35 158
480 63
888 428
870 204
211 321
676 925
918 182
686 210
33 530
675 95
841 939
864 4
936 625
637 273
909 610
380 830
256 110
129 144
212 551
405 835
382 646
998 642
361 159
159 468
931 263
314 271
617 110
512 159
621 677
987 108
519 583
545 3
9 324
88 722
4 713
281 664
764 233
195 318
18 285
971 385
38 856
39 497
320 541
454 897
432 683
87 485
694 695
290 585
609 877
99 427
302 524
90 298
933 854
165 316
783 244
507 975
939 474
652 657
430 291
514 686
236 22
790 515
386 861
178 155
363 157
934 802
352 746
964 738
210 520
65 267
653 906
875 262
465 329
508 997
749 737
452 116
349 243
921 498
724 481
616 682
643 539
162 982
913 886
73 145
305 966
362 241
931 52
537 691
232 405
336 988
44 421
349 378
291 341
899 594
451 330
180 788
676 945
42 789
663 661
791 448
323 772
42 932
577 845
543 48
729 954
745 274
143 961
372 494
300 387
177 712
767 551
509 787
440 262
992 307
756 276
977 33
794 617
372 373
637 23
668 549
775 259
926 245
932 814
151 718
225 934
209 345
941 936
982 188
437 377
384 635
27 501
194 94
195 683
878 492
271 198
44 26
864 133
9 979
670 408
57 959
422 193
960 696
833 174
714 251
890 297
942 619
231 580
799 806
411 225
550 92
109 772
313 775
795 135
625 163
670 749
732 762
14 297
631 918
393 464
330 66
166 420
60 191
170 555
619 840
545 557
417 846
895 239
880 188
787 600
614 589
541 729
856 181
552 174
588 596
438 919
700 126
171 872
667 879
444 316
338 219
102 256
693 995
586 117
70 290
698 523
914 700
275 822
844 829
854 777
780 228
799 152
803 93
556 387
393 609
840 214
628 29
629 964
281 276
875 588
309 430
755 914
42 555
480 692
501 982
33 1000
690 987
730 732
413 128
396 850
629 742
480 547
52 375
510 707
775 359
177 982
596 987
688 294
542 385
263 672
30 693
616 686
180 66
787 474
427 411
24 582
711 395
949 306
697 457
971 294
352 854
498 818
928 243
821 872
553 650
646 154
21 728
665 446
189 238
796 58
209 752
975 241
691 276
928 98
892 403
985 119
236 207
988 604
476 638
794 984
973 750
558 740
761 472
173 570
147 942
783 349
731 900
382 624
2 418
192 988
728 190
841 481
161 855
787 519
655 793
118 969
637 855
601 289
585 996
162 67
783 627
754 705
174 117
691 208
680 53
117 36
178 754
681 298
192 361
231 904
126 166
272 209
546 873
186 520
157 650
5 716
107 279
621 377
633 323
561 430
585 32
217 851
59 985
956 191
788 370
742 201
59 679
388 535
483 403
470 895
881 516
272 812
350 705
781 953
530 763
747 643
270 390
100 127
709 124
741 997
53 175
91 788
919 668
171 220
346 587
835 373
384 547
639 776
216 370
705 818
607 462
528 789
321 9
543 866
165 232
938 936
188 351
943 473
1000 737
88 987
285 543
70 799
436 327
421 463
4 185
946 286
710 463
625 165
53 660
94 32
277 512
593 903
672 498
361 919
417 901
235 122
640 848
454 408
297 339
760 410
117 227
945 312
304 384
693 938
598 743
378 753
456 125
184 810
850 375
565 302
129 324
37 627
420 333
796 736
948 987
418 890
36 317
214 755
793 926
650 561
934 912
654 877
83 546
741 705
941 511
907 51
102 901
560 157
101 243
343 26
312 438
980 825
819 175
366 88
95 634
21 643
993 690
669 311
446 144
877 692
552 879
591 534
872 460
892 23
472 986
903 459
808 852
401 418
652 989
322 164
507 224
346 814
428 824
307 185
638 927
208 722
563 488
970 426
40 939
238 594
23 290
761 551
209 824
930 760
878 674
202 131
761 400
529 490
801 525
358 467
736 722
112 156
363 168
227 701
219 18
87 921
904 857
95 498
939 776
340 491
383 783
754 777
776 443
59 401
692 759
988 350
275 104
180 870
36 194
989 164
348 44
420 353
252 791
331 774
797 785
210 77
558 924
514 53
589 591
263 572
758 530
709 182
879 762
913 253
573 647
854 685
667 718
655 661
347 10
426 270
684 395
759 961
405 870
389 289
814 514
798 135
694 84
396 943
988 817
419 534
617 73
48 380
102 643
806 525
111 179
718 678
243 491
741 40
119 324
623 84
111 288
919 855
389 84
962 182
888 653
889 469
695 600
937 620
590 438
901 457
575 38
234 844
398 77
75 448
539 593
207 711
669 942
234 991
130 614
296 386
830 195
725 503
563 452
326 354
184 311
94 222
575 661
78 919
908 520
689 703
452 547
624 980
976 106
9 622
50 66
715 380
74 245
369 696
540 353
389 81
468 324
467 785
334 293
524 813
266 525
747 60
468 427
975 36
38 807
279 493
580 575
709 392
582 142
470 660
185 548
379 746
146 326
253 141
589 627
465 389
29 540
763 916
12 462
185 774
80 206
159 286
793 368
104 865
927 773
768 946
54 147
937 797
494 90
996 312
73 478
798 114
677 835
452 458
642 518
882 131
946 932
964 429
479 160
927 11
751 788
402 965
554 490
205 327
462 769
857 353
695 813
57 873
469 997
61 817
834 115
728 498
672 950
238 923
421 89
726 956
363 326
832 463
666 179
252 930
666 586
45 639
446 966
676 423
269 119
606 160
329 212
895 313
151 119
245 72
2 60
141 189
474 874
748 897
3 164
559 475
671 765
801 791
644 699
97 50
580 569
764 289
405 147
91 594
291 78
845 651
3 322
650 907
140 149
90 732
198 315
883 667
85 943
443 264
279 614
196 448
180 973
306 512
91 314
353 763
551 607
110 501
805 699
42 637
538 870
850 980
693 442
555 425
465 131
765 24
413 99
18 907
250 26
159 528
74 780
536 25
313 113
26 939
25 532
9 191
489 551
364 693
916 364
366 415
170 138
155 754
723 690
711 473
358 771
342 132
165 437
61 740
99 433
464 754
617 460
602 56
125 765
612 634
937 309
222 329
333 976
743 857
311 466
322 355
622 942
267 770
227 418
264 184
467 403
184 495
402 346
619 984
443 650
616 402
100 515
78 159
530 94
325 866
524 512
156 668
624 28
201 829
365 754
683 661
687 197
265 616
718 741
827 759
98 286
205 134
107 468
629 676
279 420
541 817
377 99
103 96
767 201
658 623
892 646
63 758
390 354
980 390
84 691
124 992
149 522
896 483
859 989
510 205
390 509
853 865
777 959
380 713
691 891
951 180
936 627
885 432
634 16
997 854
779 495
319 318
323 955
731 871
31 283
713 496
864 868
628 197
849 240
668 684
760 821
104 953
841 532
971 677
665 742
722 273
935 978
711 671
582 813
696 652
91 194
293 514
481 802
817 636
584 321
53 130
440 57
921 466
740 76
688 495
322 165
786 788
826 629
29 298
30 541
100 961
563 491
104 388
184 284
62 285
390 592
341 330
821 976
491 469
364 93
57 139
899 890
293 215
757 978
978 993
473 321
796 146
635 442
230 626
681 54
130 340
863 218
192 5
52 249
568 736
681 71
192 180
549 216
509 395
644 748
352 458
704 31
922 970
653 106
432 370
106 873
982 798
771 227
990 501
215 462
288 869
163 115
736 287
475 293
128 351
206 183
577 545
392 943
524 104
190 75
818 269
106 11
306 633
418 927
538 956
334 27
818 230
362 800
422 974
495 12
393 724
927 147
538 862
745 114
17 881
241 403
811 779
693 355
676 37
272 885
777 792
600 937
431 571
414 943
218 52
460 89
741 184
695 603
455 214
863 725
310 767
425 263
632 617
48 554
857 260
751 864
296 500
494 507
575 438
924 238
503 379
802 647
836 803
62 174
763 47
764 348
431 127
658 465
531 165
861 758
950 809
9 691
514 901
501 437
804 586
880 464
143 728
113 455
353 304
596 500
602 645
622 576
737 682
205 852
745 871
743 468
744 590
912 362
306 217
325 203
404 702
211 172
164 571
925 824
170 395
749 596
684 917
978 374
460 929
874 295
748 268
657 348
798 483
205 519
975 39
561 311
654 520
733 17
145 520
257 246
45 111
894 28
970 505
650 758
832 765
29 539
410 527
199 4
823 945
898 488
738 747
261 440
832 620
361 196
859 837
676 693
534 319
516 990
21 472
994 460
318 698
266 465
985 806
876 940
881 542
181 628
320 778
962 505
673 778
211 951
492 520
95 701
945 638
270 347
843 567
881 376
788 156
303 401
688 872
200 642
627 285
609 826
973 313
96 851
412 111
929 947
531 995
949 304
181 678
130 984
260 75
583 847
783 185
689 462
441 634
538 855
400 461
903 981
613 581
816 29
196 879
506 195
606 278
408 887
649 927
356 833
692 795
904 848
616 329
44 698
814 306
653 976
377 199
106 911
734 5
192 843
611 858
370 165
23 561
503 816
75 521
295 728
544 850
135 819
12 62
583 433
120 684
79 246
7 373
67 534
662 51
355 622
727 539
306 513
163 152
550 996
422 903
561 61
871 590
558 952
533 191
456 253
846 46
851 732
940 87
802 144
340 855
457 661
918 634
906 82
104 862
195 41
841 639
642 632
898 750
422 752
155 983
962 477
942 380
159 531
218 125
237 815
813 587
879 772
156 315
449 295
674 184
103 886
786 926
454 560
219 349
275 95
189 445
321 237
564 351
13 751
363 55
958 115
688 595
172 700
503 178
184 146
919 636
995 202
890 661
545 175
970 436
593 731
227 421
583 960
765 957
240 40
921 761
60 259
776 212
835 691
148 942
184 607
387 66
649 955
192 58
959 722
588 696
202 79
576 848
577 393
279 193
838 48
586 425
164 7
192 216
426 917
196 752
512 857
553 204
257 796
886 351
709 446
475 704
213 687
719 251
20 565
573 415
704 210
617 535
710 792
328 230
606 729
721 625
63 582
907 164
257 431
981 854
595 153
667 740
449 429
357 246
380 825
309 371
77 247
370 323
580 210
105 246
732 437
694 677
774 182
794 528
447 42
858 335
142 572
197 703
626 995
238 421
973 14
702 468
975 960
137 412
85 574
551 817
642 719
70 334
601 528
963 921
432 735
307 925
218 192
493 58
310 528
42 402
596 797
27 490
575 123
105 562
111 492
527 478
200 809
333 526
958 510
653 596
876 565
364 975
991 114
544 13
139 803
587 417
182 839
281 978
499 961
269 45
472 391
27 967
781 210
766 528
896 900
839 860
736 579
299 410
204 725
631 734
318 898
528 319
141 196
732 191
679 836
828 2
124 807
568 575
219 541
435 584
148 535
314 891
562 37
230 447
474 581
383 663
918 230
611 624
813 500
427 697
373 397
999 457
103 276
104 505
306 630
490 235
382 469
358 420
789 203
353 689
798 491
607 820
15 967
237 691
480 316
392 654
120 275
567 427
793 154
850 925
300 382
246 482
890 370
660 238
897 244
314 302
775 239
484 114
512 429
481 753
898 726
47 677
341 952
163 748
919 849
704 920
544 621
194 42
105 413
547 626
950 669
350 953
540 665
243 523
319 870
394 523
694 662
94 418
773 13
123 478
930 568
975 673
721 485
564 664
13 793
658 462
308 747
493 721
576 587
377 456
342 542
368 133
506 234
249 134
16 289
87 974
757 904
396 906
960 456
173 501
493 553
140 194
252 894
182 786
874 405
515 39
127 848
253 106
760 323
175 558
785 430
753 279
20 749
872 940
547 244
844 712
913 514
665 97
708 321
162 445
237 663
400 618
148 248
322 84
814 685
29 651
34 227
453 763
228 829
279 915
690 982
214 504
521 604
931 443
902 67
116 970
886 692
167 99
940 289
216 635
533 350
778 343
82 968
673 107
929 961
432 743
34 679
990 570
936 94
195 648
415 859
877 924
78 727
706 4
5 181
639 742
929 803
364 896
806 235
976 258
78 838
428 913
87 652
914 72
751 613
296 271
705 117
321 844
378 919
565 481
804 623
416 696
643 299
662 517
311 425
792 771
353 339
619 920
356 834
585 536
503 749
362 387
934 873
132 355
154 407
106 908
326 249
454 450
257 902
140 19
866 898
888 694
193 596
106 799
857 765
58 730
740 782
215 497
383 687
44 255
695 56
278 696
32 710
121 517
304 35
33 763
470 912
651 755
812 594
98 815
775 646
620 744
401 776
888 368
37 912
119 968
579 289
45 389
803 297
290 492
719 147
828 876
446 251
194 880
929 131
566 216
159 530
532 88
733 681
437 412
566 68
316 707
834 768
928 453
982 136
158 350
225 995
873 621
90 419
378 341
965 626
613 813
220 802
227 198
925 409
433 891
604 728
591 962
298 359
946 571
303 138
882 873
61 964
208 632
246 448
907 858
891 925
766 795
982 308
86 377
269 183
734 309
403 593
887 329
360 722
951 556
758 558
499 917
649 954
979 415
943 56
502 280
459 631
559 8
211 246
103 351
485 736
562 431
14 518
54 755
382 220
673 643
679 816
940 752
837 136
766 294
692 653
568 915
628 259
166 860
724 798
157 619
434 540
587 479
650 572
244 728
232 579
489 52
608 942
168 543
78 6
758 676
637 301
656 372
37 803
186 495
595 777
957 882
803 372
206 65
721 931
463 936
637 15
242 25
565 835
784 537
803 594
553 779
209 369
21 393
994 638
191 310
522 430
802 377
679 221
276 528
652 943
655 20
514 904
937 279
131 488
448 356
613 266
964 788
105 24
476 690
368 152
241 565
895 913
717 733
994 418
411 182
666 640
118 901
688 956
13 39
291 861
255 20
79 794
481 63
118 820
980 87
377 254
31 903
240 642
352 460
794 159
79 907
687 328
598 637
196 725
987 738
810 468
386 157
302 167
324 177
783 842
830 15
608 822
454 771
73 320
1 227
310 407
496 841
245 578
48 130
379 688
254 784
736 127
154 562
652 396
270 688
586 529
9 394
444 975
530 796
110 290
744 312
337 902
484 115
719 441
932 987
885 805
981 550
237 850
211 778
953 61
441 785
189 627
299 479
891 281
85 322
762 156
795 217
151 571
924 889
670 269
953 4
492 347
990 750
303 221
86 199
270 14
147 833
299 522
105 847
900 16
402 863
246 8
507 604
991 486
724 291
445 286
467 314
505 115
487 135
952 942
538 427
351 980
444 218
762 77
690 222
819 446
452 790
805 255
277 438
867 394
245 482
728 964
399 967
80 967
652 245
183 989
59 211
499 280
281 77
641 765
475 259
885 340
466 194
340 607
58 392
793 91
462 430
351 401
557 99
431 778
664 266
909 678
489 413
767 630
371 865
524 451
170 63
488 195
589 291
495 256
650 441
148 478
959 6
608 872
564 470
506 666
103 844
859 146
623 117
328 586
310 558
189 407
686 821
323 433
796 750
717 161
275 178
800 895
817 779
142 902
949 318
878 934
481 586
93 971
356 414
198 489
627 573
187 920
848 830
842 380
716 253
592 307
66 902
457 259
347 915
131 222
859 499
301 254
620 496
995 204
326 111
679 553
121 95
231 166
69 263
291 789
112 310
330 245
974 570
795 389
871 406
213 536
406 712
13 975
885 22
338 187
44 396
965 110
468 458
848 837
480 40
44 361
101 616
638 321
750 895
576 306
922 290
67 681
535 461
384 221
556 355
907 11
96 326
538 869
812 132
227 423
565 588
159 511
822 85
988 837
458 968
440 339
457 667
521 750
707 247
950 393
661 202
884 389
599 914
565 878
358 548
570 148
608 463
38 934
167 6
460 12
703 976
411 752
228 40
33 151
991 425
898 929
773 51
80 150
137 209
891 190
88 641
119 439
511 641
222 332
939 356
857 243
825 397
39 703
244 691
27 223
67 437
175 79
565 606
36 647
274 268
912 406
541 458
999 914
486 547
147 560
320 215
937 101
832 349
870 645
467 242
620 468
732 702
58 925
97 881
852 7
212 166
113 397
841 274
745 87
917 589
19 766
280 574
227 611
180 702
988 374
572 117
689 641
797 379
106 131
468 494
699 378
40 301
404 854
390 353
796 764
747 150
694 435
646 566
828 717
512 501
408 128
673 756
361 96
880 644
388 721
614 85
86 530
569 564
401 858
936 427
419 705
929 332
822 49
627 155
383 817
261 271
587 825
824 469
916 45
699 919
234 615
356 108
665 660
6 364
209 368
783 104
679 79
493 56
476 310
543 556
394 533
856 537
790 843
612 1
647 514
373 531
602 27
839 282
904 169
338 797
1000 690
104 391
303 169
179 503
181 525
321 361
421 30
722 995
482 28
134 893
943 505
467 432
623 609
312 579
282 871
890 240
610 490
342 1
743 367
201 845
972 494
792 892
946 145
433 290
255 23
461 498
676 342
615 759
212 186
361 512
642 297
719 309
739 740
897 669
20 612
295 738
371 328
63 646
246 685
288 888
475 294
686 10
554 655
918 228
12 343
175 645
896 450
718 636
542 579
853 770
983 951
989 322
594 114
614 113
824 659
403 9
73 673
76 576
744 426
321 359
157 257
712 72
731 164
262 964
245 788
440 506
495 348
427 148
825 9
698 377
194 40
540 720
747 988
201 176
432 402
570 831
919 704
909 864
78 590
565 120
969 839
192 599
470 500
424 716
833 304
852 532
579 820
82 772
122 809
838 547
23 987
458 343
386 536
39 758
830 199
501 339
948 150
880 324
751 579
352 941
39 583
482 32
501 196
549 822
507 607
762 987
635 347
657 157
839 173
979 342
282 234
526 393
931 731
35 494
41 769
667 245
979 199
148 376
84 929
491 865
678 471
181 426
11 710
571 270
903 248
25 422
962 897
724 224
173 38
874 181
585 190
328 209
996 736
816 326
853 949
582 285
713 194
129 49
314 127
405 164
941 434
38 412
802 792
45 235
438 468
167 686
667 686
376 923
341 663
824 687
146 999
458 981
475 81
584 47
380 978
350 750
63 207
358 569
74 788
113 890
322 483
973 212
633 503
632 426
6 421
446 172
432 522
389 553
510 855
461 401
765 707
17 525
824 235
476 934
682 777
919 740
545 23
90 380
368 374
187 810
792 504
830 16
43 846
411 930
708 692
584 634
948 251
808 590
554 94
568 462
401 25
922 589
853 51
356 765
364 156
473 959
909 793
904 863
559 129
924 258
135 422
75 812
331 390
558 971
726 525
657 10
14 697
921 429
560 731
558 826
466 498
1 415
202 264
336 778
80 932
232 843
783 796
399 843
462 233
724 772
587 866
339 350
289 629
126 58
842 331
663 363
630 217
393 567
157 566
594 171
171 646
689 69
436 17
695 171
367 10
794 648
145 388
285 259
214 427
881 942
635 638
731 236
732 323
509 726
385 454
849 25
426 250
851 567
160 962
364 357
401 552
668 618
669 223
271 103
285 839
103 960
159 818
130 776
845 271
60 585
479 17
467 697
307 160
235 253
355 108
543 873
467 20
330 850
170 315
819 170
655 464
551 291
867 150
254 332
698 270
644 982
645 443
687 80
416 565
273 348
24 870
633 806
944 919
567 623
568 695
365 895
900 670
813 747
151 260
634 440
463 22
139 452
712 514
31 818
434 824
989 42
24 516
222 939
201 313
852 486
966 282
474 620
221 241
629 244
512 920
767 858
714 338
576 287
931 47
932 380
491 740
812 218
704 499
723 337
822 391
309 368
737 381
833 894
614 37
817 261
609 699
58 163
556 102
617 80
390 162
68 792
589 234
20 219
375 785
674 104
771 53
240 281
424 947
920 984
557 477
18 279
492 482
178 593
216 420
109 103
479 10
702 132
189 335
501 461
414 736
74 839
777 444
446 721
506 36
188 376
942 593
691 339
618 181
266 878
168 350
818 882
117 563
754 544
440 944
574 271
244 950
300 640
762 55
490 274
87 916
236 306
348 660
165 890
294 598
407 813
71 384
256 339
61 426
836 624
569 946
685 277
687 315
490 71
2 939
993 164
225 274
852 361
125 313
417 480
714 374
966 561
537 471
24 318
888 61
943 643
31 453
880 673
883 194
557 125
965 305
394 99
837 285
270 694
618 33
519 449
812 77
426 400
600 655
108 818
772 995
39 220
815 847
624 824
389 560
346 122
339 765
349 885
831 209
806 401
36 480
43 71
489 995
950 656
916 288
739 89
118 392
748 535
621 287
171 267
570 943
147 978
739 812
246 364
179 421
147 835
26 560
905 275
355 164
199 884
986 974
915 326
80 637
1000 574
782 26
105 990
469 293
74 407
93 409
978 961
782 901
887 593
682 894
683 576
10 999
351 982
10 846
391 447
586 413
973 951
776 461
5 997
562 482
653 57
1 434
883 610
614 470
101 737
729 476
155 169
718 451
132 994
573 452
41 691
741 546
34 532
194 679
585 14
513 313
325 267
168 586
11 342
858 625
430 590
253 121
20 974
537 92
828 613
613 457
229 496
250 957
91 499
989 470
314 350
464 207
538 512
708 98
530 894
532 774
660 141
937 768
846 240
975 532
778 19
906 13
321 507
488 84
752 769
768 38
18 445
570 254
328 765
467 958
152 288
199 399
91 782
755 295
350 521
540 585
446 60
749 658
155 666
930 488
716 25
60 329
523 635
288 168
161 670
36 542
381 827
592 166
973 535
385 982
254 341
856 347
947 900
144 951
458 566
308 714
496 410
758 326
886 139
801 607
36 764
75 862
701 254
117 503
834 385
728 132
620 498
13 28
625 268
594 725
636 644
287 338
839 801
835 902
141 265
805 866
666 408
26 123
762 321
525 99
908 109
250 541
567 808
809 496
135 188
949 664
863 736
779 361
449 846
637 661
763 966
239 361
132 853
668 935
244 465
280 649
323 962
197 933
91 430
92 157
737 336
850 977
176 224
802 172
986 240
676 725
94 914
662 384
497 932
82 758
90 797
293 920
349 780
595 588
321 455
218 121
254 667
367 856
740 198
996 168
542 84
269 495
548 717
185 481
730 16
650 189
362 86
336 243
39 347
282 764
212 637
433 888
89 238
880 999
968 679
388 57
493 884
481 596
961 418
155 279
265 379
131 431
342 891
56 336
238 952
95 81
696 160
515 676
994 413
173 536
366 659
142 301
456 532
240 955
368 192
463 243
139 226
178 65
168 55
576 852
169 258
563 78
197 436
330 279
496 755
461 639
207 111
637 998
119 937
31 829
326 875
865 251
758 878
605 249
495 785
41 634
407 607
803 138
966 682
970 697
2 887
901 889
663 654
832 650
120 140
943 750
31 480
186 123
411 92
871 888
954 4
992 447
43 303
595 778
523 25
337 14
451 2
968 184
54 173
493 387
205 15
464 151
230 294
110 244
938 419
702 472
831 188
82 621
530 729
552 853
208 27
428 528
488 315
403 434
136 215
503 253
167 266
939 309
133 246
445 164
833 864
87 595
255 733
666 890
316 951
652 825
815 351
999 722
392 634
910 65
913 291
842 66
524 259
623 498
990 787
347 831
80 402
505 235
788 467
221 767
38 332
443 685
961 168
550 442
607 191
130 337
117 431
637 417
840 662
936 393
793 512
442 478
244 806
376 342
448 803
819 468
657 465
287 298
73 154
680 910
853 701
214 933
857 570
931 799
70 313
533 575
476 96
849 762
428 859
413 625
822 727
770 50
699 408
500 925
852 362
799 173
736 131
497 689
29 562
709 176
227 687
825 595
589 474
362 631
281 257
842 610
404 57
561 202
241 334
622 461
931 296
419 540
138 252
485 259
971 580
910 737
802 438
640 5
697 212
642 687
557 448
483 143
817 659
838 775
416 212
159 868
74 976
91 850
755 507
501 575
313 151
164 673
797 147
708 594
179 420
733 693
960 703
908 695
104 485
178 852
160 439
786 23
881 147
539 373
613 556
658 93
18 513
627 832
827 392
725 211
66 976
877 504
18 847
316 40
429 775
678 378
3 78
357 741
984 369
841 296
849 853
633 78
92 312
503 984
984 881
127 860
239 630
776 556
339 324
234 18
534 103
58 292
385 60
272 350
686 162
271 92
931 25
954 218
477 479
267 129
52 155
287 834
15 17
828 614
405 787
400 434
105 33
215 188
661 66
782 525
121 847
158 68
73 556
447 123
137 335
981 598
603 460
588 408
971 608
155 639
997 220
179 309
897 502
204 480
43 930
426 38
935 235
152 554
706 145
579 133
726 212
569 160
646 501
796 386
191 472
229 661
359 554
184 362
743 640
672 15
247 849
319 612
778 659
696 133
787 814
627 943
313 699
557 1000
482 194
924 493
395 761
796 409
429 986
819 110
22 667
573 35
83 299
966 18
608 602
296 928
500 128
887 564
657 409
996 207
846 340
348 972
704 92
111 607
554 690
849 706
611 575
197 130
73 396
461 781
427 645
101 486
983 904
231 871
769 178
73 285
419 361
261 630
387 967
928 797
67 315
380 786
452 231
842 555
680 386
376 953
656 667
347 72
719 720
9 455
484 167
655 632
401 669
879 30
258 842
99 584
651 993
986 464
915 852
347 278
100 102
636 400
677 754
308 107
533 382
702 287
868 99
669 78
47 974
873 947
597 501
678 740
130 774
518 381
7 760
213 419
324 780
521 56
244 573
929 707
643 621
312 827
283 74
58 217
307 64
326 428
810 361
60 280
316 242
800 207
291 980
679 633
352 710
922 734
870 696
155 165
840 891
69 343
134 1000
993 549
524 653
671 590
451 683
678 208
830 729
409 163
33 863
745 604
353 131
241 941
115 884
757 429
885 152
291 481
591 42
774 510
751 218
513 352
966 570
328 122
441 317
703 573
372 355
86 529
518 201
920 141
578 953
975 681
635 712
302 233
473 538
608 128
257 581
741 428
48 343
177 565
824 472
767 664
403 215
688 135
686 662
66 359
673 821
394 275
243 389
925 87
947 515
164 831
569 359
354 413
687 589
156 139
69 870
807 996
497 387
80 373
9 959
835 487
653 591
800 13
468 875
195 981
142 236
736 907
769 774
202 459
170 285
669 196
251 474
434 150
737 535
951 309
292 415
193 502
586 359
35 503
92 764
753 670
883 795
535 418
900 749
852 38
396 60
144 45
878 816
476 242
645 703
832 90
140 57
253 896
490 50
606 924
935 894
82 232
870 785
942 130
68 299
20 726
438 173
685 164
244 116
664 289
889 398
58 496
702 953
465 402
138 264
926 289
430 560
125 424
667 828
954 182
289 797
987 162
560 176
357 102
656 739
788 416
384 934
422 674
319 62
369 297
99 640
595 519
797 479
191 112
998 576
142 652
310 492
522 982
996 97
299 467
707 494
356 128
51 594
74 977
630 762
706 138
375 21
86 104
900 254
722 672
66 156
206 582
602 506
568 70
265 267
174 622
469 178
531 171
861 752
643 421
271 492
147 690
278 408
61 8
941 33
834 264
69 525
970 344
463 773
653 365
880 37
74 484
917 928
455 673
442 512
204 615
396 81
640 799
326 150
143 964
637 685
176 555
31 871
182 497
111 799
631 558
652 241
286 435
606 888
104 610
790 99
520 579
704 224
210 921
654 530
215 488
957 611
323 859
710 869
16 881
41 706
281 371
580 369
395 471
641 403
254 816
213 209
584 987
962 721
312 390
12 556
833 804
693 464
91 98
863 896
459 454
23 687
19 392
869 63
318 271
747 671
363 866
502 232
290 308
988 643
937 663
739 543
685 733
392 284
581 540
886 717
710 322
319 816
548 826
950 626
536 802
459 181
248 960
692 429
643 472
847 835
276 724
429 678
142 53
9 653
39 663
242 481
830 230
564 22
625 32
151 174
778 916
549 983
914 212
574 378
853 417
89 332
571 720
917 964
554 782
98 386
960 41
780 380
107 80
658 864
884 696
187 344
705 283
64 397
926 957
468 359
770 217
537 706
230 489
488 728
829 828
892 990
469 891
555 994
224 178
373 479
102 183
638 325
965 251
215 396
733 79
664 618
93 976
45 77
253 170
436 638
328 95
625 991
241 738
245 518
319 259
802 827
888 230
855 290
851 539
305 450
519 11
336 472
579 292
634 825
746 287
621 929
513 86
220 618
370 59
498 68
595 590
357 271
506 587
752 815
682 950
646 37
704 854
51 541
8 725
584 451
792 313
385 741
170 117
635 875
322 88
824 401
307 820
65 250
229 551
213 418
546 77
971 250
647 939
619 716
411 899
564 123
765 966
235 711
363 394
496 41
332 249
354 75
463 991
182 491
639 534
659 584
17 409
791 813
39 520
105 916
566 827
456 534
536 762
403 965
795 71
448 170
840 892
804 287
150 412
300 558
265 821
965 812
54 581
904 604
312 125
534 194
240 746
461 718
44 442
639 59
141 444
254 31
240 633
719 115
116 36
796 760
908 482
253 221
479 139
266 814
289 647
676 789
915 695
737 257
613 446
741 713
466 793
450 434
146 923
309 381
954 2
223 667
152 56
203 806
300 400
324 286
54 163
37 959
22 468
101 76
128 464
243 279
669 271
997 130
410 914
622 273
39 27
151 701
670 139
618 728
750 437
398 462
660 933
735 419
996 389
810 792
228 423
85 282
33 183
877 974
227 861
739 821
800 905
338 902
561 761
526 885
469 44
271 282
207 664
8 98
411 111
161 580
571 973
532 445
169 49
208 601
602 313
491 592
607 40
652 537
969 809
654 251
514 598
643 358
681 63
627 791
575 607
286 698
495 736
799 504
952 757
22 67
660 461
304 420
638 419
857 568
732 956
533 573
554 760
520 936
336 981
889 143
512 614
266 992
434 682
382 76
664 563
903 364
999 455
822 324
499 33
774 240
379 695
651 253
58 874
290 79
383 832
591 303
464 230
651 74
804 538
141 868
474 387
846 155
149 361
146 838
57 578
941 765
195 487
986 486
16 722
932 960
826 335
213 142
557 911
206 741
63 36
764 151
233 713
911 330
329 906
551 211
384 709
186 593
960 868
617 339
379 96
786 992
489 992
167 347
194 87
401 279
666 813
169 883
385 862
942 918
601 784
393 379
554 102
21 867
664 833
562 605
854 221
507 994
715 185
186 397
19 382
355 310
710 508
565 407
757 959
188 398
193 288
505 118
396 907
45 676
743 461
302 237
268 389
240 852
222 836
409 423
120 778
936 946
66 752
710 41
468 332
343 944
246 132
878 787
280 634
406 142
177 214
961 2
736 323
628 721
60 969
988 169
954 361
520 234
497 706
538 104
408 333
561 441
708 312
102 27
563 727
126 109
886 115
438 57
941 430
528 221
34 138
552 723
794 688
985 887
327 928
298 678
335 705
121 845
267 865
96 413
815 876
502 429
15 372
91 146
811 253
603 472
975 902
992 644
502 680
176 436
87 326
595 659
725 704
856 913
29 201
910 370
772 375
699 689
62 19
392 123
433 849
415 833
414 684
60 528
208 771
282 534
817 927
514 845
311 641
593 752
416 820
176 724
776 63
133 494
999 613
398 678
330 28
387 111
45 631
983 624
781 131
909 462
749 271
164 155
61 269
500 275
781 20
36 989
199 643
387 269
615 827
715 737
794 208
907 530
28 664
432 305
31 235
927 309
179 540
92 459
177 67
909 914
421 840
667 608
427 647
907 177
659 816
348 131
242 698
541 110
764 539
157 419
968 48
770 282
846 49
594 54
225 569
85 705
727 374
151 561
148 9
976 890
924 762
409 547
798 199
161 130
841 608
993 685
206 690
959 464
997 109
694 797
125 802
238 3
829 932
481 798
797 804
262 787
302 796
708 871
135 189
565 922
893 317
897 464
976 55
280 462
907 603
527 338
967 875
937 428
189 295
134 616
856 540
503 139
610 535
807 851
678 964
809 891
661 762
406 667
799 848
601 249
69 563
201 715
723 586
8 165
734 462
701 31
249 64
47 509
253 664
89 687
143 910
718 834
511 192
166 896
5 937
192 160
247 714
984 444
16 510
35 426
715 316
790 206
594 583
799 404
641 542
515 101
918 98
222 943
600 379
175 639
433 116
680 179
990 400
831 660
724 804
563 670
547 293
128 917
576 275
832 418
447 748
893 812
712 925
148 207
31 439
300 2
48 107
600 520
931 160
916 212
510 471
718 216
765 67
31 259
390 784
476 604
387 808
523 107
108 857
579 626
405 555
394 316
536 125
169 628
208 582
355 833
341 798
512 230
217 864
824 312
346 900
789 518
562 852
820 172
330 656
129 731
406 581
445 161
651 634
191 397
569 213
329 600
477 624
943 71
995 239
246 439
640 632
435 100
664 847
482 25
47 179
433 635
217 220
291 613
308 653
369 597
154 311
915 628
264 299
516 249
947 103
829 110
443 799
66 634
452 583
199 698
594 664
944 951
304 470
875 129
515 48
218 976
2 133
682 626
115 564
741 808
478 390
316 357
796 575
103 47
178 322
495 961
943 52
686 26
233 338
909 841
438 163
480 469
743 108
447 691
177 395
895 305
989 300
846 234
25 239
525 650
474 127
736 117
20 822
771 534
42 938
449 932
54 29
555 600
646 817
974 418
573 941
101 30
764 946
381 382
760 652
95 560
464 118
693 363
489 709
39 169
462 528
677 807
474 162
43 955
741 160
742 635
898 675
998 721
700 895
670 98
954 603
170 74
942 804
561 651
212 577
948 125
40 594
815 399
928 225
786 131
346 698
790 731
921 920
212 295
412 289
397 435
420 788
188 280
902 708
801 439
83 420
4 696
39 979
83 675
420 202
478 320
120 668
304 611
677 46
435 399
202 398
114 882
429 149
247 690
469 756
718 549
700 112
738 191
795 300
559 447
905 828
501 669
328 327
851 117
376 83
858 859
641 759
624 393
474 544
241 875
591 127
634 734
455 891
903 790
509 122
805 573
607 737
352 187
98 915
552 39
45 248
84 610
72 42
200 127
864 198
718 225
336 367
724 562
711 936
172 517
217 525
343 213
258 869
280 213
726 414
27 406
51 658
146 642
629 669
85 511
145 848
532 50
262 711
618 529
752 739
526 922
463 679
218 288
237 502
94 385
791 549
4 937
151 970
764 265
855 930
901 813
398 161
539 421
723 704
868 319
905 307
398 848
610 850
131 183
958 264
190 906
53 646
27 23
212 25
204 731
39 836
334 620
80 891
45 647
763 414
839 797
550 336
643 206
662 894
115 639
280 552
979 230
88 261
508 662
988 360
148 615
365 807
538 171
813 275
944 718
893 549
178 266
292 774
500 929
666 213
304 252
693 894
819 559
197 143
76 848
277 39
867 904
589 526
276 481
439 846
263 165
410 619
162 472
988 940
168 697
455 404
426 453
889 529
536 574
185 154
737 453
25 961
816 980
135 380
530 862
352 616
159 394
807 270
849 28
160 967
432 604
414 860
896 311
609 636
591 516
189 580
633 545
213 334
964 4
53 181
401 444
316 585
560 311
88 536
218 359
100 839
302 767
854 56
17 381
143 469
535 983
863 442
155 491
711 246
701 316
691 378
160 498
821 963
831 500
458 251
459 782
743 566
456 536
627 829
277 534
28 281
156 661
175 171
508 980
292 501
352 328
728 19
328 417
495 575
611 894
775 537
183 914
153 171
649 750
641 773
710 897
554 661
866 643
172 272
567 185
897 853
755 649
21 213
900 840
814 786
873 310
284 648
318 536
34 179
308 963
626 569
67 425
693 485
617 91
444 913
989 651
974 353
635 555
854 267
910 521
989 828
422 314
223 456
890 727
485 461
358 853
977 177
489 522
226 751
743 918
69 867
693 89
363 586
270 138
920 763
265 266
857 160
566 584
15 242
476 794
826 749
113 784
578 26
964 787
255 686
146 142
832 401
61 993
43 538
428 580
503 396
549 796
805 482
421 489
4 135
635 437
235 963
148 842
524 733
728 64
927 359
594 665
575 942
301 357
395 992
982 932
629 408
144 94
330 311
20 577
684 569
496 610
558 230
746 782
908 49
720 877
735 586
867 706
381 570
513 464
516 717
922 356
300 80
29 526
927 245
418 7
145 837
465 32
621 837
275 739
239 18
495 388
461 52
584 57
648 726
833 718
873 221
114 235
136 146
632 717
275 223
795 679
392 242
565 977
103 950
458 639
303 373
144 674
532 381
146 464
369 153
151 929
578 463
85 173
713 928
18 22
312 775
259 256
375 308
179 473
217 44
398 885
313 478
541 283
207 674
331 259
1000 946
340 51
322 578
18 843
496 337
23 62
520 743
589 577
322 757
624 93
606 93
553 87
59 266
616 753
211 183
92 370
429 767
221 18
719 279
103 82
303 636
953 859
1 294
519 604
520 582
480 3
542 647
192 439
908 469
92 400
862 660
983 992
148 273
497 593
407 629
279 709
337 57
813 793
693 428
526 935
944 254
263 358
252 163
146 624
703 852
543 319
151 141
733 605
719 542
354 638
924 950
410 968
277 641
57 149
795 643
206 630
445 774
63 427
692 313
712 471
622 190
39 434
813 229
463 678
523 481
166 305
759 400
248 818
322 277
877 37
951 802
56 441
644 218
368 507
657 227
408 930
243 781
961 74
770 656
913 720
487 938
558 755
156 771
69 494
202 193
865 391
45 539
939 684
724 334
122 408
88 232
976 909
828 96
391 414
354 785
508 800
973 4
273 507
75 947
64 384
887 275
328 277
273 404
334 271
191 776
658 513
609 213
7 364
340 523
50 802
42 833
993 231
962 878
745 390
619 365
551 704
880 671
811 543
560 797
633 313
409 775
211 655
675 60
72 71
788 261
366 873
457 563
259 168
125 222
530 674
833 773
664 63
530 863
68 802
125 847
682 546
833 694
940 366
264 663
805 242
746 429
324 731
733 673
203 922
976 154
904 455
326 657
264 870
566 323
928 628
495 358
636 3
752 512
34 707
38 187
848 243
367 581
373 568
860 842
756 779
631 137
613 654
136 30
230 866
263 927
549 662
400 403
808 84
938 927
406 665
891 917
748 890
179 17
643 510
148 960
792 760
596 454
144 807
454 4
170 583
598 399
691 27
896 945
752 91
992 554
455 618
222 883
332 1
245 50
463 111
857 688
883 688
258 85
225 46
995 542
880 846
900 555
693 800
971 391
179 634
54 890
365 923
538 63
296 702
872 861
779 315
373 432
184 829
250 685
71 841
556 431
258 742
97 310
941 99
393 597
430 536
45 319
693 627
750 636
181 271
788 281
38 648
789 64
383 937
255 934
947 686
660 211
163 925
423 87
775 130
834 602
708 167
447 93
603 411
803 717
988 727
371 719
890 869
753 195
232 7
693 134
877 681
15 430
473 355
401 526
328 570
203 902
440 84
96 566
108 633
289 177
308 75
290 746
221 822
997 353
673 43
604 517
494 485
351 36
282 733
651 636
344 291
331 72
967 222
915 451
754 233
147 813
765 999
860 989
440 908
459 860
190 732
89 495
238 712
294 878
83 649
602 695
287 499
809 119
544 228
121 470
417 958
535 446
633 964
67 810
601 358
395 995
676 368
388 475
5 796
376 458
820 472
25 486
415 125
789 416
917 731
538 224
423 566
867 628
82 228
927 470
935 971
457 792
223 949
538 19
187 99
79 177
941 54
889 893
447 701
837 485
513 471
167 760
48 171
920 463
166 963
315 263
907 251
546 409
249 527
163 859
275 629
646 676
789 231
885 410
408 18
104 737
267 233
9 434
871 848
380 965
560 817
384 954
169 692
920 28
659 441
197 666
381 493
608 287
116 622
309 359
95 720
209 341
707 466
393 158
910 661
640 393
753 272
551 93
627 267
976 497
950 90
360 854
973 412
726 60
412 396
394 643
768 412
40 995
826 654
521 116
575 265
959 942
194 372
838 693
839 388
5 751
570 651
578 238
389 541
857 93
307 444
145 41
537 863
863 147
352 531
374 484
819 25
679 573
960 2
45 673
175 354
183 483
663 9
998 267
136 530
583 310
843 397
847 461
387 675
234 492
580 117
349 461
331 846
139 751
500 79
672 898
776 322
949 654
16 230
51 833
132 1000
45 579
780 152
942 307
439 309
275 544
58 400
186 77
849 507
283 769
693 570
989 447
439 898
478 956
428 145
727 367
345 725
56 544
73 567
557 236
885 751
814 549
431 899
696 624
975 530
959 441
617 18
798 121
731 61
693 333
161 84
52 538
722 463
369 663
512 49
181 906
898 802
512 108
760 597
377 951
949 405
401 359
312 966
575 79
8 479
706 234
639 792
696 940
489 850
381 836
420 596
96 988
320 448
853 218
798 565
434 376
914 46
4 58
902 258
463 967
464 559
818 722
925 686
412 263
17 433
218 594
293 4
577 153
61 40
652 589
815 131
818 677
356 740
875 412
438 690
826 900
64 227
562 350
959 672
230 560
748 339
582 51
986 718
810 400
153 947
227 766
636 642
583 133
933 342
961 949
516 465
979 89
317 578
304 367
858 906
847 86
724 771
999 443
965 231
304 77
715 849
206 100
82 462
983 987
604 79
527 349
254 848
367 19
722 254
516 399
138 95
134 435
989 927
750 720
533 54
812 19
25 967
217 623
15 292
966 780
368 973
168 985
812 418
9 347
519 695
954 831
557 498
611 558
907 719
323 260
751 972
627 338
523 522
217 954
350 894
5 65
373 519
100 833
462 872
88 649
181 679
949 282
152 622
386 552
427 170
313 617
563 265
150 372
783 276
535 695
773 878
278 324
5 756
544 106
249 212
265 607
126 562
515 827
843 230
39 917
244 601
911 211
696 388
199 723
370 979
187 267
634 80
487 84
552 195
164 9
511 338
61 415
852 126
230 318
982 777
452 780
719 206
22 42
575 874
802 518
453 358
93 927
511 432
726 923
410 427
323 646
717 631
775 846
361 67
944 458
928 975
788 683
917 9
560 826
478 997
286 56
716 949
219 247
591 343
918 941
704 633
299 191
483 554
564 705
802 202
463 625
807 351
438 262
186 359
707 219
501 360
928 540
746 383
731 193
508 94
682 519
169 744
349 874
99 619
376 696
643 527
309 140
113 827
55 952
337 691
303 482
604 919
695 584
990 616
916 267
310 750
299 379
411 837
855 774
548 320
566 479
143 442
882 928
76 111
350 858
667 731
189 328
82 792
47 862
692 97
40 520
830 211
470 779
269 321
401 73
706 500
805 480
760 998
681 146
60 313
745 999
905 474
688 806
946 310
948 472
236 410
623 734
188 85
559 70
227 681
361 639
602 551
306 40
677 55
952 522
884 589
313 976
922 942
687 226
909 100
141 250
953 972
580 725
249 835
486 944
681 366
306 109
802 554
361 298
234 56
415 13
680 146
442 624
646 635
561 401
317 763
14 773
309 699
715 904
955 121
579 507
193 934
512 746
253 110
110 457
868 675
633 496
432 169
361 213
289 784
901 633
738 845
479 525
821 306
949 877
863 939
994 838
665 350
993 633
873 484
744 289
600 995
719 516
858 267
688 344
941 522
284 307
547 751
808 941
932 851
755 336
260 292
626 863
674 246
603 132
159 866
255 35
555 25
574 775
422 16
298 2
191 349
602 84
215 587
588 167
630 622
702 171
985 501
126 793
73 840
956 562
977 617
173 696
655 480
993 433
643 424
244 755
795 229
672 104
430 328
260 783
583 289
482 171
343 878
490 750
145 441
53 720
827 549
602 571
487 15
145 330
258 107
763 612
455 946
13 467
550 698
255 128
824 299
439 473
481 195
637 936
323 544
840 406
658 539
243 578
331 833
685 370
718 541
962 921
139 146
379 777
750 872
681 731
102 31
853 957
603 518
91 851
861 450
93 888
132 888
520 678
437 323
465 497
301 779
40 345
665 24
98 769
45 262
637 492
712 29
958 518
641 176
687 457
882 292
831 365
959 440
54 286
312 233
467 839
998 609
233 681
87 322
237 209
113 963
461 393
108 578
169 962
223 147
886 625
816 436
924 854
636 104
740 828
824 98
259 652
616 132
1000 355
69 714
216 274
640 692
860 791
938 953
903 953
668 194
744 872
288 87
398 855
297 64
631 965
354 19
164 746
723 448
882 605
645 335
61 152
300 688
62 595
191 821
123 579
822 853
783 465
571 727
153 946
795 495
317 895
525 186
883 726
387 369
597 284
357 515
709 318
944 456
52 954
149 791
278 997
120 921
136 926
598 690
712 637
343 705
628 305
610 260
295 674
25 394
597 634
283 974
514 94
770 500
684 658
831 717
372 230
747 306
716 771
213 578
79 281
120 230
102 906
530 955
488 778
775 11
120 341
121 764
233 986
533 53
223 563
684 71
560 125
869 205
337 948
855 430
413 119
882 328
220 615
224 610
480 988
986 474
471 278
298 952
468 520
531 810
215 813
368 684
864 545
557 514
951 906
636 29
564 290
394 614
15 106
264 70
393 294
968 114
513 533
999 611
811 264
43 674
800 999
29 459
307 448
469 132
956 762
848 787
942 573
725 435
503 421
17 412
592 264
494 664
226 10
431 169
913 90
364 252
534 730
999 794
247 593
677 18
697 940
221 438
507 552
102 807
732 550
328 420
404 633
371 454
62 681
671 709
653 122
983 727
175 394
13 283
220 225
992 778
349 387
97 106
784 745
802 519
719 126
25 102
304 155
106 27
718 258
521 966
375 677
374 792
675 941
366 920
996 567
667 753
790 437
730 583
909 660
492 790
474 313
94 998
242 813
812 97
931 309
73 541
43 181
100 290
510 694
46 968
750 348
327 757
132 485
650 102
134 159
962 308
272 871
730 800
203 952
185 405
21 519
141 175
159 649
364 653
716 378
955 570
631 329
279 226
100 151
742 546
191 312
995 707
721 357
78 746
136 173
462 837
651 805
215 535
442 933
630 434
186 779
596 518
902 589
377 328
998 922
671 430
235 678
210 850
598 207
729 12
378 98
87 846
221 760
256 996
98 101
579 526
212 493
567 677
87 831
680 855
518 927
155 568
311 280
425 653
852 119
762 174
70 161
978 370
571 396
840 586
157 803
438 820
831 807
780 103
995 493
396 280
951 462
976 762
149 944
278 796
27 540
488 932
106 127
917 443
758 623
707 523
817 127
824 813
2 709
276 420
993 926
741 744
614 110
962 711
301 951
966 939
839 263
613 31
935 696
920 239
224 716
371 911
262 34
474 484
33 181
466 536
416 269
860 456
150 774
462 532
212 879
964 446
640 28
522 886
129 537
868 82
678 727
664 257
648 902
631 301
955 850
651 525
273 839
181 854
75 511
458 461
497 417
906 556
446 362
85 170
325 635
454 785
256 674
504 754
400 477
603 554
700 712
772 77
611 511
375 370
65 455
728 257
636 922
612 879
236 104
843 208
511 934
294 648
926 84
13 240
239 808
722 881
886 65
407 984
67 891
66 602
487 14
472 285
502 457
305 899
182 459
594 523
175 578
303 633
821 843
241 926
488 625
508 620
988 166
71 642
763 901
684 687
685 130
408 338
733 471
653 356
585 54
966 757
769 175
662 146
3 627
577 906
797 633
728 522
694 227
550 810
123 350
771 630
777 757
444 886
209 723
589 328
457 741
81 49
447 327
29 817
51 873
233 910
616 262
871 671
530 649
143 174
673 521
546 127
492 403
872 113
800 766
347 845
910 375
252 499
234 770
240 459
94 506
277 113
835 276
907 899
855 969
490 783
108 722
34 557
678 834
934 472
331 117
259 720
132 98
243 865
338 843
597 101
583 835
145 233
53 480
278 463
249 333
191 598
255 355
660 559
387 197
830 891
106 342
70 956
628 894
4 346
848 608
800 297
732 684
344 149
819 484
325 845
830 548
436 832
777 609
453 255
606 975
164 102
679 769
277 321
830 695
451 466
412 884
767 216
537 373
560 562
480 445
467 241
506 995
516 753
956 488
245 671
376 226
90 592
141 628
182 96
595 137
690 655
987 371
409 693
85 716
485 98
361 172
548 384
470 163
38 754
58 148
223 562
150 748
9 456
137 259
655 577
656 545
868 821
822 210
298 790
281 540
265 167
157 113
341 916
324 762
846 839
398 353
738 927
243 607
6 265
372 889
503 17
643 692
94 470
720 33
976 443
868 249
356 469
428 842
433 880
986 876
956 516
459 36
942 930
28 23
535 497
296 327
977 688
464 525
430 278
692 173
932 803
662 589
318 610
248 559
35 627
87 794
254 990
899 154
772 148
904 868
10 959
344 881
329 227
30 369
305 890
574 681
53 952
791 126
278 23
335 34
162 564
70 213
845 436
32 764
876 405
514 176
726 356
318 802
841 971
864 420
239 292
315 508
723 491
552 257
257 443
333 240
41 969
633 474
941 497
724 519
659 704
788 292
147 404
771 590
281 478
279 895
449 588
953 332
94 886
755 88
665 320
212 572
777 926
834 601
375 891
581 700
195 497
108 854
256 155
594 313
372 703
411 569
845 261
590 309
15 83
556 893
133 988
760 544
561 529
856 991
907 749
99 447
920 848
481 942
262 643
105 574
126 912
971 271
75 466
441 732
761 727
998 923
195 986
676 927
551 361
844 501
517 425
296 291
402 773
286 898
18 976
365 423
898 177
909 985
316 173
559 211
448 29
784 679
442 911
365 568
377 26
107 129
895 248
472 258
210 650
600 62
897 634
993 465
181 429
980 201
69 86
881 47
36 97
296 782
500 118
305 64
324 294
438 164
3 393
549 177
941 51
927 96
163 207
13 799
97 343
120 176
449 782
387 772
356 623
408 898
584 174
361 219
380 849
825 708
733 851
573 778
777 553
940 19
725 867
281 442
245 873
176 160
717 511
39 215
71 4
483 473
697 685
802 95
931 417
536 47
993 744
447 195
360 187
713 761
787 350
277 645
422 391
543 347
443 613
233 604
643 895
830 403
155 649
907 614
187 792
526 859
694 541
347 738
69 483
958 390
66 774
484 521
639 583
53 572
237 303
187 998
204 541
317 119
456 965
454 48
188 388
444 126
192 975
908 909
127 145
917 937
663 149
666 747
683 699
409 322
187 950
1000 965
452 672
288 577
140 218
454 466
240 842
724 20
28 515
383 345
684 906
757 76
794 198
776 581
961 607
174 156
340 652
895 498
426 323
862 265
832 812
46 474
487 380
92 108
864 509
663 345
794 408
499 402
271 544
348 181
861 369
457 539
521 878
393 957
250 962
676 698
241 473
202 801
349 910
484 139
727 217
488 206
327 559
665 312
224 600
834 641
691 824
121 960
413 2
472 578
53 43
146 767
946 854
229 810
929 108
307 944
90 32
329 936
89 767
203 835
226 544
498 829
134 503
180 81
863 316
275 191
521 187
12 843
63 292
178 526
659 37
218 319
825 269
943 357
820 16
877 33
787 201
700 638
630 507
312 149
632 880
155 586
636 840
813 842
886 128
763 183
628 895
79 641
544 176
703 762
325 769
566 961
917 973
476 403
680 69
586 422
75 951
791 85
153 801
894 421
652 317
785 356
70 238
333 296
790 151
631 523
379 934
399 861
149 902
850 277
813 415
376 116
824 904
842 369
437 845
132 975
594 782
284 413
456 155
21 45
189 923
832 726
266 132
489 469
71 903
42 623
189 780
741 303
101 192
194 930
780 925
975 88
451 17
113 562
516 935
556 116
833 793
176 360
195 20
531 939
219 394
402 742
809 528
354 687
595 599
797 495
574 739
64 681
765 268
677 762
346 938
440 43
591 688
406 960
428 692
927 658
660 810
76 70
902 980
338 925
659 958
912 852
290 932
661 659
520 281
169 845
563 740
639 654
491 342
518 663
216 335
406 669
812 880
688 686
618 182
994 402
170 688
619 995
755 721
867 273
135 727
838 402
435 349
27 871
528 704
676 344
914 469
831 956
801 973
126 354
291 139
2 42
773 902
945 186
654 546
704 303
851 48
376 144
193 814
675 510
15 833
141 518
658 752
953 512
224 964
701 590
873 313
200 45
533 885
21 65
775 984
23 663
934 50
33 659
362 833
589 446
737 395
426 418
815 972
881 576
533 87
347 172
898 596
524 446
928 543
33 509
380 44
627 21
171 11
869 112
466 709
195 385
68 657
569 396
842 952
833 519
158 422
441 882
138 946
240 276
682 183
78 744
482 305
857 171
342 813
758 437
622 852
695 920
40 922
343 768
44 962
960 731
909 302
58 866
670 729
288 439
165 927
866 124
353 151
117 438
45 697
321 689
305 788
348 422
680 1000
974 718
648 262
667 226
886 490
361 525
897 251
35 332
272 106
79 927
462 682
190 623
559 278
395 197
513 442
681 764
442 168
371 194
427 692
600 460
248 429
235 403
664 937
166 467
367 374
926 297
954 190
917 42
802 56
501 890
615 317
85 786
964 11
323 901
819 776
381 135
698 187
572 592
908 864
559 842
160 550
432 827
548 473
973 84
398 988
752 776
768 84
636 353
90 77
933 695
376 324
204 501
354 454
650 235
962 137
468 578
233 579
256 390
739 969
599 333
892 185
765 447
592 37
830 99
603 12
763 76
160 81
539 479
958 391
743 663
982 281
839 384
499 827
942 635
835 745
446 594
919 153
209 934
710 262
888 568
463 178
344 810
752 103
576 149
44 603
999 232
429 143
395 771
645 667
957 665
886 353
858 946
676 172
680 226
55 234
314 800
681 439
699 918
121 282
747 186
141 509
805 598
58 301
295 520
888 500
127 677
225 421
962 694
232 391
84 616
323 976
875 687
34 133
555 557
222 292
573 700
376 934
413 255
806 894
573 366
479 610
464 185
372 466
11 268
161 255
219 417
773 400
962 459
377 857
393 988
394 367
533 496
755 128
446 91
750 389
533 353
170 153
336 161
786 831
94 504
989 912
540 754
461 842
342 250
298 188
847 843
613 661
835 423
841 977
971 167
639 634
517 480
282 819
587 100
623 674
554 871
59 124
64 231
597 963
163 192
484 684
141 93
861 974
662 641
515 35
571 601
705 275
676 180
14 567
629 116
760 509
575 882
745 623
268 134
144 508
81 940
365 946
775 721
580 447
636 615
694 419
344 723
897 835
435 828
864 410
921 69
25 56
592 130
233 189
380 692
785 534
271 519
384 169
175 823
641 503
326 705
609 315
78 166
319 152
124 288
200 272
3 783
613 356
81 19
725 794
63 135
135 378
194 978
267 898
495 296
850 745
194 837
429 437
164 957
381 401
312 136
902 171
6 380
445 948
801 68
342 36
473 443
825 78
536 151
204 61
797 48
449 418
503 19
358 818
604 574
494 466
351 463
912 853
251 235
965 545
455 29
493 874
408 82
834 166
891 59
948 162
531 122
97 562
425 107
868 473
835 528
657 816
52 782
1 820
93 422
420 810
222 90
294 839
44 878
299 991
583 71
634 775
734 433
648 412
408 673
135 726
182 750
246 255
800 311
965 643
678 296
130 498
314 535
866 968
888 624
26 131
677 989
490 436
98 273
852 122
301 396
875 43
972 51
219 527
220 252
165 685
244 234
979 121
690 508
897 830
550 592
185 764
743 65
837 12
737 168
991 887
28 921
314 612
292 304
370 482
44 103
798 264
968 83
959 287
197 528
591 448
445 758
854 658
447 88
696 556
492 567
129 897
901 291
137 876
742 967
590 315
775 415
246 637
138 800
820 772
693 50
239 674
795 590
175 187
178 580
631 251
713 910
74 644
305 869
517 6
259 298
356 602
138 661
643 432
844 503
354 103
66 376
869 900
139 849
344 49
75 131
810 306
888 942
669 621
182 704
933 8
113 421
260 934
815 52
624 55
305 979
517 801
801 895
364 385
723 826
603 784
656 128
288 773
608 650
719 174
331 857
997 520
671 843
215 479
490 74
291 55
384 371
628 372
556 505
666 73
373 415
174 352
909 979
534 448
685 44
268 155
785 734
660 414
309 296
521 880
261 437
409 706
548 331
594 505
599 776
889 144
786 679
3 350
668 647
564 592
767 679
829 884
760 719
147 939
983 399
252 123
594 874
99 280
983 513
769 558
735 399
77 721
482 355
209 473
96 386
165 382
187 794
539 545
942 926
598 12
29 287
731 749
574 101
497 311
783 219
526 123
588 784
628 869
633 649
615 553
743 628
193 312
909 418
127 147
957 438
709 241
895 158
953 899
37 328
830 527
373 160
625 639
572 66
849 835
233 422
231 919
953 861
560 521
443 143
742 353
67 555
969 921
175 572
847 238
193 789
802 957
694 375
733 147
23 617
176 96
304 53
382 715
483 537
871 954
603 312
417 251
521 765
573 812
419 297
561 236
889 751
484 181
306 961
20 55
132 553
557 376
996 296
722 50
690 859
15 380
146 765
976 180
423 235
999 37
200 546
575 229
730 326
668 989
378 485
358 791
587 731
950 587
592 115
955 803
425 364
354 346
797 220
324 786
665 890
687 765
869 762
601 884
588 993
566 522
393 488
288 274
108 499
754 445
701 130
482 216
877 321
364 148
847 637
956 816
939 674
559 149
895 893
61 261
210 705
671 604
748 65
897 567
71 428
218 992
828 105
983 174
461 592
98 266
45 785
905 752
124 782
748 464
886 322
373 309
780 91
547 416
69 44
455 819
758 904
615 17
942 195
796 776
31 96
470 704
724 733
827 1
24 722
428 76
301 218
231 665
34 311
533 863
335 497
245 525
194 561
417 278
771 599
82 346
138 88
964 76
693 394
729 961
270 629
379 341
108 877
169 742
664 47
262 888
798 94
211 864
737 266
640 40
324 705
631 496
461 472
318 419
837 909
622 237
881 277
790 969
627 345
241 182
445 804
655 962
972 59
829 670
117 924
777 35
228 283
442 398
973 607
43 678
1000 323
838 615
87 561
274 494
882 667
853 106
126 676
736 872
324 543
520 121
351 893
908 960
505 69
657 192
895 880
877 293
218 674
661 996
487 194
227 915
810 625
211 132
782 763
295 796
26 51
547 602
780 488
875 42
651 702
40 395
794 60
7 313
779 672
410 261
283 561
323 764
395 219
658 607
353 934
40 282
131 741
322 926
528 127
983 561
620 909
589 602
491 579
186 159
810 949
461 807
923 766
249 629
215 280
641 417
272 460
423 118
556 308
651 200
200 190
424 552
440 653
34 689
884 200
154 595
656 753
589 269
682 625
720 934
519 102
445 757
543 135
479 970
319 925
68 659
509 639
864 594
575 172
650 245
359 817
350 972
921 946
513 708
365 241
403 300
628 899
816 563
342 803
19 252
630 438
740 338
924 9
265 668
657 898
565 265
515 636
218 612
826 871
274 115
88 904
877 376
71 193
827 687
19 474
800 229
52 658
680 859
347 982
222 198
723 991
824 846
31 996
611 333
1 561
607 305
311 276
956 111
973 903
353 6
316 398
563 565
783 698
897 639
314 667
575 804
852 609
253 918
179 559
954 491
294 940
461 745
125 348
491 926
354 155
137 924
120 68
945 53
96 238
854 894
25 247
444 767
764 740
619 299
555 707
650 341
300 478
689 127
243 220
280 82
416 610
104 886
67 394
960 706
938 507
208 212
357 548
964 299
270 476
881 755
220 555
24 198
399 484
286 922
18 476
755 343
460 73
66 496
982 194
582 904
659 157
369 1
591 874
636 65
484 726
527 402
553 627
146 459
627 250
332 482
9 961
543 900
469 215
255 762
488 846
761 609
708 724
568 63
401 40
717 610
41 449
16 838
723 669
647 891
815 245
32 780
911 646
995 785
624 965
108 174
23 55
979 357
600 110
31 984
517 376
548 418
698 711
992 1000
554 931
663 7
888 681
425 749
102 423
874 388
171 858
278 978
500 38
582 108
804 62
326 942
844 815
831 839
124 969
106 204
460 724
579 127
797 964
157 549
984 521
987 506
237 759
478 791
101 344
214 553
819 423
1 74
845 841
916 16
703 639
499 181
301 919
394 11
513 215
771 651
439 521
764 845
778 149
301 585
567 269
823 679
147 318
564 565
848 283
720 283
830 336
703 930
778 503
711 599
698 302
322 811
972 458
655 188
837 825
114 22
553 990
660 870
437 683
612 127
673 469
213 404
360 952
90 321
921 979
665 889
649 92
8 84
985 468
808 571
327 253
427 49
138 682
87 669
109 837
476 584
259 498
351 792
217 284
331 292
190 617
84 244
377 102
982 517
921 527
518 859
795 482
266 764
604 29
732 607
698 731
145 297
568 542
700 445
667 172
61 373
69 154
876 286
880 857
221 79
719 240
830 699
378 543
818 227
253 897
452 933
475 460
862 744
19 974
791 308
743 95
344 725
509 165
235 595
499 115
851 134
763 978
966 725
73 266
737 243
591 200
759 890
788 546
357 194
842 606
354 840
980 704
360 329
747 599
588 858
792 326
901 700
885 717
150 776
323 236
940 195
147 346
609 539
835 73
671 471
177 919
531 704
789 888
351 299
264 877
229 843
103 870
472 976
98 612
555 808
369 120
483 240
854 449
972 52
125 728
904 300
189 318
119 61
564 222
204 444
532 316
91 516
754 252
756 786
409 986
458 144
791 694
169 195
377 288
583 944
751 803
847 591
830 795
857 927
285 670
568 358
482 876
744 615
291 942
623 817
457 442
43 672
791 5
80 863
969 975
36 10
249 507
576 223
150 102
62 850
484 630
127 904
700 48
224 249
524 998
763 656
488 574
608 863
907 196
934 753
192 502
139 209
763 910
913 554
879 643
534 58
257 14
360 513
917 504
489 37
287 894
202 898
565 513
936 173
306 676
457 720
560 143
104 795
694 225
768 988
897 248
789 954
169 61
951 981
190 425
923 908
319 15
466 561
359 731
43 57
155 899
755 378
593 107
425 393
868 955
963 905
587 533
716 375
937 614
755 491
919 690
497 47
340 970
392 173
411 859
378 282
223 662
19 142
497 440
117 639
759 416
467 608
213 76
969 806
472 202
859 502
492 245
187 865
5 304
105 950
378 252
752 257
914 112
18 957
403 525
800 119
877 375
625 230
889 345
411 135
934 849
791 952
539 131
971 720
563 9
196 550
306 34
558 780
26 229
507 326
891 517
602 976
53 920
93 219
645 676
979 166
174 132
788 896
348 756
168 317
893 741
451 430
595 103
270 865
823 15
951 122
665 149
301 801
220 407
416 587
577 850
621 829
128 104
572 595
718 832
632 190
674 447
646 953
472 264
464 111
1000 820
616 968
205 184
445 905
328 605
773 347
955 680
995 455
872 26
925 48
88 553
971 350
51 767
393 272
511 766
536 832
977 978
194 476
605 830
824 59
208 584
902 546
194 335
359 651
86 321
625 49
644 125
517 393
669 734
740 241
658 448
322 555
35 702
970 335
147 556
995 784
931 632
877 492
182 674
532 697
2 348
409 326
407 983
801 680
144 245
43 70
182 605
218 778
386 46
886 501
808 395
281 893
27 721
727 800
801 906
605 132
789 461
974 971
41 557
996 775
278 834
412 779
84 661
171 465
142 830
567 840
969 201
399 746
491 637
813 456
604 499
695 36
208 945
409 819
507 200
987 362
181 479
399 392
940 92
335 602
50 662
253 509
935 347
93 532
100 272
372 477
980 796
129 660
141 958
418 261
402 766
755 20
783 894
522 159
321 502
263 495
160 948
68 837
881 670
365 5
632 440
890 676
526 622
176 430
237 203
57 157
96 757
496 982
872 118
782 391
432 663
104 918
795 520
812 618
1000 474
646 481
140 933
854 75
986 772
861 696
454 886
613 518
596 571
108 493
63 361
576 935
19 972
218 281
737 323
244 588
939 676
135 751
458 264
304 681
356 882
197 306
532 861
697 80
23 90
26 170
186 891
735 839
889 115
597 802
999 210
233 503
127 919
308 787
520 923
25 483
500 59
586 132
754 974
314 963
832 780
749 48
548 88
821 287
970 694
917 397
997 735
232 599
429 291
513 272
738 557
263 156
489 473
417 276
419 482
205 397
570 280
889 536
850 853
210 436
37 869
985 970
859 33
147 349
84 305
531 707
38 977
845 479
60 889
656 964
569 485
807 103
111 362
424 596
759 302
669 66
851 803
356 323
412 45
124 231
308 494
165 419
384 566
77 663
540 721
48 420
86 175
415 815
252 643
180 160
455 30
94 362
386 547
77 616
596 744
908 668
247 152
988 878
893 81
633 613
305 456
505 218
30 817
199 938
862 254
700 653
645 284
199 858
878 516
26 287
652 511
840 871
109 586
457 441
60 114
500 377
835 960
272 756
92 643
553 151
387 339
672 739
69 125
931 878
552 89
277 551
899 460
206 318
83 49
505 647
207 227
540 147
809 479
20 31
628 386
519 301
477 490
339 978
690 733
709 207
893 802
289 668
92 199
20 804
292 513
917 199
668 920
595 168
499 255
858 570
710 555
825 691
555 630
59 871
264 605
437 46
720 454
862 2
78 304
634 864
708 175
641 242
180 293
717 423
812 381
906 246
952 264
185 415
656 580
851 846
627 631
180 102
410 107
275 138
204 92
355 984
211 886
825 216
759 419
602 490
968 752
973 577
886 802
939 55
502 59
303 190
434 315
621 265
860 981
616 337
835 753
749 427
472 489
917 815
5 721
317 223
183 698
195 327
519 828
477 921
561 473
979 331
491 439
986 641
662 831
106 877
41 935
634 494
228 504
842 211
180 414
426 846
944 655
961 743
232 753
693 780
767 159
997 646
103 263
642 205
699 4
348 174
745 326
257 410
560 221
372 331
358 290
489 401
806 854
788 453
591 304
115 491
775 73
890 943
525 610
674 444
234 487
614 422
739 670
261 340
941 754
655 900
512 446
786 565
163 526
937 679
441 944
224 544
333 322
172 960
66 351
728 741
11 450
547 660
882 29
367 935
995 454
206 611
873 998
303 399
164 839
648 908
132 229
61 713
78 601
631 252
365 576
920 544
80 333
338 901
122 824
450 883
497 716
566 557
476 759
792 538
976 279
248 654
100 919
303 82
237 298
554 252
651 313
311 596
259 41
408 877
140 284
641 769
490 745
290 972
762 93
301 303
654 333
767 460
53 842
168 252
651 154
395 775
292 133
760 485
353 913
880 910
310 289
420 289
671 808
875 901
159 68
127 720
862 669
660 462
439 869
44 155
742 70
176 99
68 17
487 601
346 599
297 997
926 408
93 743
271 717
648 85
145 151
889 748
416 432
646 922
820 985
254 617
785 679
185 102
422 341
406 846
924 911
232 71
142 884
571 114
285 334
440 752
85 374
621 356
169 971
172 714
160 2
450 508
218 312
165 287
331 107
777 405
925 309
894 483
640 651
74 731
645 150
709 995
636 837
195 921
624 773
587 395
603 261
212 444
106 731
412 654
70 950
198 251
438 650
41 76
313 823
192 32
834 403
799 647
990 246
793 602
322 814
325 157
554 901
187 340
115 479
619 169
158 567
620 66
951 366
19 867
439 58
331 661
229 560
534 173
917 283
274 879
567 796
6 522
577 590
245 744
746 847
177 120
159 56
343 335
36 309
488 78
849 590
707 568
747 299
414 398
966 715
551 763
129 110
409 207
674 258
626 523
127 554
510 422
367 27
334 208
391 891
506 893
617 47
254 939
781 910
987 743
404 390
354 825
728 38
694 995
806 745
698 494
773 496
42 650
358 575
280 315
545 369
927 635
60 509
113 791
507 123
461 422
997 372
982 8
267 757
142 589
240 493
972 54
693 601
670 437
928 180
844 529
325 684
34 587
532 983
147 792
367 701
207 648
27 802
108 323
330 837
520 493
758 269
703 388
463 931
725 444
89 410
825 224
58 843
614 844
540 103
338 587
527 795
434 118
473 996
383 169
428 52
23 8
870 693
762 34
729 219
443 893
796 959
504 893
253 542
516 302
274 945
520 809
796 558
28 576
663 446
137 788
780 122
619 34
412 854
714 498
606 828
898 237
54 166
780 201
193 801
177 100
141 513
550 935
129 473
348 203
378 581
220 893
840 179
262 677
257 445
223 894
77 804
410 597
929 483
297 598
312 475
870 418
90 848
271 773
719 699
823 202
926 99
323 202
747 218
309 99
773 468
168 957
613 21
461 360
946 904
379 227
677 776
719 117
593 105
925 433
775 411
744 235
104 74
782 461
858 127
949 420
20 456
63 490
356 352
564 269
655 246
490 830
968 610
790 859
924 149
5 424
52 968
553 677
327 54
632 215
166 112
665 823
406 707
110 928
502 56
565 278
551 359
60 534
973 721
833 70
283 37
909 297
783 368
747 363
741 280
187 577
919 368
351 850
445 265
502 218
936 488
684 894
874 540
502 373
821 719
770 883
520 886
170 947
926 854
264 216
73 132
641 381
442 339
999 21
729 465
947 390
996 602
288 793
239 608
667 775
913 317
324 162
948 996
667 948
597 571
48 788
197 845
718 353
23 577
956 128
814 820
893 965
146 864
771 515
8 769
323 904
710 532
453 757
723 332
59 642
76 744
466 896
930 19
847 955
366 153
646 959
247 366
194 790
712 199
90 167
381 484
441 951
263 538
569 435
953 76
627 357
593 515
542 414
808 804
934 292
39 384
815 745
522 938
706 159
134 658
86 101
825 251
373 711
692 77
472 168
825 356
118 165
409 645
199 988
188 275
911 643
326 481
553 419
130 660
614 788
779 801
1 90
598 349
970 393
389 700
255 426
957 434
247 920
991 759
730 192
212 238
93 589
641 546
714 40
52 666
153 248
460 972
83 123
357 632
504 36
503 942
84 780
20 520
994 841
970 656
989 148
348 28
44 261
581 58
931 7
384 194
862 557
205 278
172 97
604 124
971 931
653 944
312 41
379 476
675 155
898 614
276 54
370 185
833 823
742 161
893 203
73 990
573 921
833 672
375 825
