865 1132
351 700
137 480
306 302
671 147
254 393
166 586
33 373
37 493
601 460
129 421
266 638
164 569
29 243
576 245
519 214
677 631
702 728
702 365
633 567
356 252
128 416
824 519
646 427
803 343
554 785
216 170
101 750
670 204
551 223
830 62
189 834
551 105
676 97
345 9
845 534
497 690
96 123
525 719
336 127
653 1
214 507
622 25
406 218
273 424
292 443
27 496
97 837
570 709
20 299
276 787
122 650
246 840
578 88
328 667
79 410
92 5
20 858
48 523
635 577
505 817
211 358
717 515
60 733
802 50
705 91
372 446
404 682
451 41
625 388
23 364
320 836
7 520
775 727
513 820
597 403
620 265
36 426
516 650
663 809
302 731
142 364
386 509
452 446
89 236
534 861
182 494
496 333
724 654
212 571
449 415
205 257
718 514
27 782
407 765
15 512
387 619
106 569
83 587
854 676
264 840
341 10
340 293
616 137
382 90
254 358
426 610
732 421
451 783
705 515
464 383
447 435
582 222
303 860
140 660
362 353
194 34
281 34
752 141
241 834
497 91
448 405
690 684
233 47
676 417
691 474
169 515
628 747
520 105
471 547
78 634
848 186
830 46
440 757
319 767
821 793
858 590
839 349
610 612
627 95
555 546
178 100
362 623
815 388
605 855
663 239
544 287
863 692
685 649
639 830
150 788
530 151
34 336
666 731
793 465
467 221
573 649
250 532
71 695
476 405
744 414
242 390
417 646
337 268
78 146
112 57
678 675
733 795
446 120
784 326
426 286
644 274
517 779
714 275
797 436
138 454
746 115
747 470
400 732
828 79
495 189
587 14
671 515
367 70
25 575
128 418
781 864
299 208
471 723
450 637
66 166
215 401
29 425
294 682
864 429
580 432
234 344
735 662
127 856
504 706
111 425
15 660
410 237
198 314
273 590
559 303
501 120
52 176
706 6
496 38
236 591
529 60
603 818
295 525
74 338
324 686
347 755
198 633
824 552
50 115
32 104
274 719
150 462
850 661
242 295
765 519
183 31
249 548
756 312
453 37
271 820
227 843
850 113
579 392
399 468
329 593
150 747
228 642
506 198
661 370
182 561
806 581
49 741
583 789
755 790
670 693
669 467
294 107
206 249
169 201
577 753
28 456
371 351
355 386
375 128
580 611
497 77
152 598
228 639
680 16
516 754
5 381
243 798
55 671
629 382
237 719
488 343
606 60
683 706
157 607
114 754
322 130
569 237
742 249
625 771
864 69
460 734
323 518
332 176
271 452
682 864
49 80
438 640
119 847
127 92
440 457
817 232
18 483
73 705
338 57
34 242
791 150
14 856
837 408
862 808
502 755
824 334
843 538
85 111
675 734
287 738
601 210
659 618
453 819
485 322
417 736
856 276
105 429
724 663
563 233
142 728
583 838
470 559
467 395
110 615
149 74
138 508
229 160
301 595
693 646
679 214
807 552
828 178
241 582
323 205
52 575
445 611
89 624
446 637
21 227
501 510
543 374
186 78
465 409
759 826
555 437
260 693
24 598
557 417
184 725
117 364
18 65
278 568
386 686
580 316
669 609
638 643
720 830
42 838
223 758
243 302
802 567
276 85
67 272
100 322
683 697
221 538
821 837
443 512
813 641
273 851
832 447
26 90
314 288
122 86
22 591
275 688
656 635
758 613
704 286
484 6
813 393
774 474
599 370
108 303
423 487
425 815
622 178
818 379
416 246
688 727
422 784
315 807
269 392
685 370
85 325
605 9
451 80
724 452
697 758
717 4
113 359
439 100
619 586
438 130
583 608
823 127
690 512
388 5
376 827
145 213
732 629
83 834
687 296
288 298
572 795
574 19
716 234
377 744
756 433
539 34
220 728
189 102
286 556
335 566
782 247
824 720
419 448
824 245
252 400
429 730
809 41
567 354
281 858
637 492
516 747
605 728
668 810
729 194
202 763
419 5
214 736
93 379
67 504
695 506
648 535
749 281
731 818
223 176
315 51
818 49
712 414
425 240
639 63
482 812
600 119
292 216
148 793
332 567
191 715
861 126
808 381
673 240
287 787
855 232
543 506
6 62
101 441
561 760
449 755
682 666
787 367
803 36
204 725
354 688
9 782
348 574
55 682
24 593
451 215
125 404
618 218
59 460
612 686
219 262
204 466
506 782
467 556
265 817
435 374
381 835
429 201
532 420
767 287
211 223
490 190
588 161
849 329
689 405
806 225
794 168
12 198
475 16
422 569
586 61
500 709
385 6
654 226
407 480
389 733
832 55
200 281
374 642
484 367
637 510
496 409
48 349
718 152
122 735
530 147
613 373
11 142
169 767
422 283
687 216
315 482
532 559
278 501
258 188
434 530
100 10
374 728
787 307
35 640
259 321
790 528
201 791
682 149
629 383
433 25
540 54
510 820
76 600
17 399
715 499
662 3
115 393
94 751
226 156
582 189
820 216
465 202
484 655
192 824
119 467
307 859
530 551
396 612
404 681
355 51
66 162
337 710
102 442
366 215
775 503
495 726
69 366
240 703
134 180
69 358
96 390
189 63
688 317
66 481
328 506
547 488
551 194
574 37
703 531
564 521
441 200
685 266
632 618
306 677
621 246
354 317
282 526
13 194
185 657
148 515
686 307
783 190
318 94
756 161
259 651
458 690
363 288
155 421
212 306
289 15
773 738
537 476
9 487
557 428
864 512
12 161
87 42
473 95
430 344
31 250
630 110
484 173
115 121
263 575
72 295
88 780
150 647
369 174
493 747
740 316
37 235
112 617
742 380
547 10
300 364
374 592
278 615
701 46
461 765
253 152
655 499
175 388
718 613
568 544
51 491
101 104
434 812
427 807
498 748
360 151
647 563
208 830
155 786
101 114
859 358
444 757
517 576
355 7
606 569
19 820
763 29
588 725
864 405
168 625
740 434
266 642
59 780
212 661
434 49
6 350
227 456
645 694
139 858
695 209
198 612
17 103
389 385
132 415
127 465
488 859
782 706
454 681
361 14
327 762
212 770
17 704
297 835
751 160
367 38
261 509
525 731
470 371
214 548
108 548
11 212
648 594
375 844
148 512
3 581
371 404
164 221
726 372
510 514
294 584
826 396
794 266
496 482
379 230
255 559
542 862
509 686
379 458
278 574
50 625
13 584
440 482
683 89
687 232
805 355
558 27
566 313
503 208
469 544
540 668
437 706
424 703
666 162
385 68
620 226
638 190
503 652
37 61
859 134
8 330
384 714
721 690
10 488
229 191
723 412
520 66
167 269
536 37
551 690
589 6
813 689
325 223
36 185
34 492
771 765
269 831
539 483
184 308
760 681
719 315
664 744
831 616
376 690
33 556
3 813
194 639
144 62
370 622
182 79
120 121
221 414
81 547
823 687
805 129
733 283
583 727
642 641
633 599
1 353
578 254
371 380
94 581
544 692
514 130
759 574
812 339
253 290
808 594
487 604
330 683
412 647
741 93
826 564
381 29
380 18
753 391
199 571
816 4
332 6
416 455
508 392
330 431
637 856
488 754
706 345
551 369
437 454
219 610
201 211
265 166
302 377
426 840
653 687
562 643
286 302
647 728
159 110
481 731
324 817
654 705
105 125
826 676
364 112
826 71
595 554
285 79
106 99
96 794
310 465
224 437
398 645
247 241
322 296
103 673
48 318
391 615
404 843
193 737
675 329
783 26
651 373
663 658
490 317
329 678
307 638
756 358
27 23
763 852
449 565
740 293
759 203
273 149
371 292
131 414
258 266
287 471
57 212
408 44
255 419
656 140
107 528
739 527
722 118
714 811
504 198
20 447
706 286
338 155
239 414
659 235
275 40
146 563
586 353
396 752
582 428
484 865
753 433
115 254
852 336
566 483
12 49
328 498
481 860
854 205
837 395
32 569
466 408
503 616
796 246
283 597
270 79
496 506
83 86
156 813
510 206
400 83
808 692
312 149
830 600
441 316
106 194
252 165
498 192
355 857
184 551
772 52
254 366
372 638
283 230
230 670
483 370
490 814
668 653
510 708
823 600
153 101
290 410
170 136
285 573
710 689
65 205
652 7
333 272
305 737
328 831
418 310
72 50
558 425
509 219
181 801
5 328
370 620
414 481
68 70
649 514
77 144
855 585
780 746
525 437
428 186
386 15
522 448
795 361
323 155
371 382
333 189
459 464
241 755
230 747
154 252
753 779
325 205
319 634
614 603
632 707
734 26
395 180
524 446
180 755
665 482
3 300
859 578
658 798
536 757
105 152
237 448
315 544
370 807
418 174
863 584
556 283
466 660
569 623
241 769
602 737
689 598
64 270
751 654
271 527
766 717
329 71
16 113
417 309
7 853
632 29
270 560
728 615
766 712
752 451
394 70
363 726
460 514
319 369
14 346
330 171
282 113
297 626
781 105
308 335
26 691
435 94
379 509
844 258
448 635
738 755
142 528
716 653
63 738
560 547
609 571
662 80
808 490
136 799
799 625
315 88
573 684
212 860
176 85
543 106
495 425
801 38
382 295
239 751
224 284
196 445
470 625
31 773
725 809
476 197
123 678
593 504
593 579
809 81
683 302
820 530
286 51
347 361
152 287
752 236
150 217
245 341
388 730
306 655
183 197
295 45
262 245
11 608
469 617
106 251
695 524
319 81
375 429
199 264
500 782
645 821
415 488
367 343
166 313
360 730
368 62
482 405
512 504
581 13
66 641
119 79
807 721
64 105
189 719
200 751
563 277
746 95
9 397
506 725
268 212
782 432
428 654
37 401
692 84
205 442
365 229
99 350
422 798
93 140
154 427
523 603
524 427
720 596
736 648
459 786
170 118
270 471
99 251
282 825
740 173
802 765
131 620
441 383
659 410
480 792
398 315
248 641
617 432
771 73
715 22
171 143
219 45
362 75
308 221
122 405
496 80
84 536
506 599
463 483
480 115
719 89
412 374
430 653
462 296
666 325
746 558
37 253
469 247
44 426
481 733
515 336
559 7
150 505
263 853
412 433
544 474
179 797
286 532
719 702
832 184
610 11
533 381
108 512
825 768
325 856
856 246
165 170
9 499
439 128
376 512
41 468
797 72
327 154
47 84
454 764
753 32
216 80
516 273
642 417
562 474
31 504
276 165
637 79
208 487
841 7
