916 897
215 231 550
479 72 641
612 5 945
284 875 94
570 537 388
295 633 595
539 20 -5
656 36 -588
721 246 313
435 419 141
453 457 140
640 226 -490
355 795 607
699 192 960
545 820 -603
244 289 790
755 238 263
735 916 352
785 872 380
527 829 -635
416 709 -937
859 870 152
11 417 154
92 462 250
392 904 -418
879 169 -652
509 495 -180
496 130 68
12 694 418
284 730 -465
867 377 -405
756 482 838
308 797 176
170 831 -73
556 147 771
5 771 -511
640 262 -828
397 877 270
99 652 406
440 292 -958
332 37 44
117 641 53
911 842 796
747 408 794
56 594 586
123 566 680
422 99 -191
502 494 -298
469 300 579
619 467 -575
416 306 -36
702 177 -546
198 407 -225
741 597 -384
4 411 -115
98 317 949
892 506 -842
751 910 472
139 874 699
30 600 598
615 460 -602
222 319 564
774 623 699
756 458 811
552 742 510
3 851 -346
639 271 -89
222 860 -872
57 480 -707
640 535 360
277 914 345
38 860 683
34 171 -159
451 555 901
285 153 -819
36 190 -497
706 348 -454
462 288 753
110 686 652
816 478 91
167 41 944
305 427 -482
362 855 -106
189 214 -656
28 611 -235
130 158 134
673 527 -925
316 661 722
728 888 -945
895 195 218
750 160 -25
744 856 -681
813 535 659
344 698 563
628 592 -815
343 630 317
264 142 739
172 208 583
214 832 374
228 156 -527
412 846 57
272 18 -389
773 499 -630
101 777 221
118 427 -754
819 879 -815
821 6 423
257 7 -726
898 141 442
75 902 208
359 310 -290
55 799 -820
151 16 -130
34 886 903
146 187 323
569 114 -604
361 838 791
752 231 164
440 569 -855
467 481 -969
610 96 840
516 449 742
66 694 -66
643 197 246
759 59 742
609 43 181
218 806 -656
908 635 -974
461 163 849
411 613 65
850 916 -722
885 309 -782
738 333 184
149 180 -381
117 415 -257
825 770 -179
449 724 -582
386 215 -125
134 639 950
244 868 950
607 417 979
784 772 340
907 562 598
137 71 -896
284 477 717
202 233 586
884 315 -992
494 699 -357
888 613 62
328 343 -169
181 732 -799
851 32 -161
812 511 628
118 135 -600
136 494 -839
439 553 177
418 714 682
845 286 531
320 75 -24
638 408 -570
691 485 -891
316 382 979
723 428 306
717 199 379
267 691 -136
374 799 -533
348 547 728
876 891 -835
747 816 609
661 181 -1
540 99 -437
894 60 807
587 886 33
197 433 -349
465 678 -223
785 602 -876
126 833 313
515 831 -425
472 810 325
94 887 -674
525 255 -512
352 731 -998
729 425 -51
563 297 -324
791 823 267
851 773 737
547 845 -389
438 160 199
518 200 621
570 496 -823
273 554 -189
213 36 18
13 597 -478
159 88 -775
722 182 -604
646 112 24
564 665 980
434 210 -624
911 796 -529
806 118 -59
285 201 -924
258 121 -836
111 329 -973
8 254 -117
576 812 -738
838 564 -844
898 390 911
756 30 -654
814 438 -155
634 120 -826
446 621 649
697 355 392
893 396 337
763 574 380
879 563 819
277 362 561
254 224 -251
206 869 801
179 563 559
361 417 -771
509 491 384
166 177 -752
910 363 -778
360 533 268
239 511 908
619 540 -507
382 477 53
798 161 -96
856 269 -34
384 542 565
382 630 -84
433 174 -975
89 505 965
602 504 -562
288 403 115
549 330 -515
290 424 -328
850 139 -426
467 904 -369
340 291 -616
788 117 -763
708 434 -531
610 658 563
851 658 983
439 458 -410
855 207 -560
16 92 685
642 183 -949
508 769 -303
626 316 -660
457 183 -262
683 76 -173
503 288 658
372 506 872
197 158 356
117 634 -259
290 489 -100
786 833 -24
697 441 -711
604 133 -83
495 472 416
361 891 596
98 305 95
646 393 582
740 112 296
736 412 -64
832 777 -683
629 223 -325
242 750 -468
799 605 -433
26 564 -562
170 93 -702
75 287 -558
889 722 565
53 465 396
239 259 -867
469 149 -902
120 815 -660
178 102 713
586 653 283
698 214 -400
571 780 -576
797 137 18
696 757 135
751 616 308
372 795 742
500 449 994
449 119 930
700 5 -168
873 618 -801
216 47 930
376 181 535
23 232 -514
548 191 -453
744 25 -864
200 214 90
758 594 -415
620 386 -208
594 836 -259
723 518 148
21 574 954
105 370 512
382 161 727
428 254 939
715 326 753
561 280 -92
377 592 802
111 757 -923
619 317 948
830 878 -178
475 101 81
845 454 195
278 895 354
81 287 731
800 519 437
37 233 -652
603 808 -77
123 609 -44
711 49 -333
543 200 -390
256 279 771
303 686 720
518 765 278
649 372 239
405 7 -141
600 195 -456
141 820 -478
124 741 -756
187 433 588
397 449 -424
365 321 -562
279 780 -502
7 204 625
383 735 326
751 247 -127
193 435 245
611 364 118
117 360 -194
859 23 826
384 56 817
231 560 480
871 551 -550
278 666 7
104 248 682
322 144 111
352 38 -595
586 631 686
893 518 -115
495 771 -980
601 795 527
354 587 -528
841 575 -992
775 110 -53
553 772 -504
801 504 327
685 774 816
23 357 -271
228 448 -728
837 360 368
741 334 -508
495 201 952
443 714 200
106 743 -472
671 867 335
40 452 -825
320 468 -650
78 898 -305
608 853 393
98 21 -42
773 811 877
804 615 -510
546 39 955
694 400 -149
140 264 90
91 581 -72
319 630 -61
253 742 240
890 863 734
780 748 251
27 153 429
33 868 -755
18 378 -747
778 803 -963
645 907 411
719 781 -592
40 718 184
851 173 -233
274 580 -630
412 210 599
618 800 709
811 138 556
806 642 -5
236 773 643
97 734 492
587 210 -8
41 676 513
653 372 -977
130 628 -493
563 48 -397
709 423 -366
520 451 -90
50 859 537
610 550 535
716 17 75
521 680 -530
634 809 -538
763 473 -48
437 95 225
871 207 -967
204 413 356
147 424 276
510 195 511
569 573 763
235 732 -748
340 212 955
523 800 -127
682 539 -996
109 198 -97
211 377 819
886 557 139
374 150 -33
468 708 621
515 637 -41
408 798 -41
340 598 119
722 599 -310
416 833 664
867 488 -244
646 269 597
138 153 625
547 439 808
457 643 934
217 1 -202
137 205 43
301 694 -82
886 297 -206
126 639 -373
794 537 -698
884 1 32
262 716 -224
432 250 296
99 95 58
161 854 530
67 532 -516
66 828 -322
398 36 -861
656 442 -683
374 397 -115
858 75 -260
374 649 -41
900 735 774
373 274 855
720 124 882
206 614 668
721 884 -136
795 141 487
599 827 -825
247 101 -411
27 886 990
710 901 -670
741 17 -401
612 827 406
270 356 -747
288 749 688
328 595 434
196 50 -446
108 194 734
573 319 949
713 649 -254
148 425 30
543 873 -750
576 232 -38
490 676 205
44 738 -754
516 587 -300
504 20 -588
70 617 -119
476 57 959
410 612 888
76 179 -615
323 439 -869
109 459 358
209 212 -154
271 420 895
400 799 884
420 868 -506
538 486 -311
462 130 811
335 451 71
244 401 -461
408 373 277
910 916 367
813 712 451
21 785 -797
896 324 627
916 419 463
689 393 593
204 752 -473
913 273 -984
472 651 -334
441 238 17
562 495 -508
744 541 466
686 420 358
655 573 -851
591 891 -267
736 424 -137
508 327 622
596 597 -473
74 775 643
551 82 79
888 826 -897
616 736 -965
315 655 264
523 668 -762
631 322 87
424 324 -413
521 98 -553
12 646 935
527 618 653
883 471 643
912 485 -111
46 807 -800
286 490 893
346 422 -330
580 78 -292
796 597 751
164 806 -404
336 709 -290
221 297 -779
118 700 706
68 301 45
103 722 9
766 447 -817
861 89 975
384 96 -823
748 259 321
405 428 28
253 305 710
170 81 -764
417 718 819
377 252 -531
650 306 400
417 236 896
213 116 175
108 214 -227
439 627 -312
354 288 -836
81 13 -67
444 423 -108
92 372 634
856 297 225
396 595 -871
273 769 -169
312 466 -12
632 497 665
460 820 877
535 205 -469
612 308 -675
93 570 938
537 885 281
124 69 -38
668 46 -664
518 907 -774
113 837 18
389 914 -812
555 512 -147
112 639 229
365 829 -247
896 82 -314
853 22 -954
806 278 239
907 384 407
331 752 -730
442 545 -372
639 315 492
901 668 -215
24 129 -245
717 44 336
305 279 273
791 135 -41
563 758 994
334 212 825
779 284 807
399 391 -48
670 599 -852
671 548 957
636 53 739
568 287 -361
752 74 418
881 733 -355
288 389 223
231 841 859
361 543 991
553 147 61
116 607 861
567 72 442
689 347 -886
362 529 343
241 316 -946
888 351 -639
461 254 -458
47 368 -817
643 795 -584
275 47 858
13 173 -225
481 658 861
465 444 -89
122 210 629
798 537 151
846 278 -434
309 31 -889
879 224 -660
260 295 -38
261 158 268
11 891 -60
148 657 669
338 271 -866
552 811 -20
645 370 887
332 272 822
201 576 -688
857 343 -460
529 568 -818
112 881 822
893 696 937
709 742 774
779 34 -317
73 505 397
249 374 911
526 168 -258
310 209 -759
158 873 -740
89 37 -178
823 60 -334
808 195 738
825 778 -708
675 770 254
208 449 -487
159 112 -470
717 240 -943
662 528 -620
704 227 -637
131 65 719
761 662 748
270 90 -765
406 633 63
746 78 85
365 315 -742
733 766 416
600 94 -966
472 269 -234
364 587 -121
893 146 633
719 779 -613
266 119 -403
308 794 -794
13 559 -963
354 196 -898
702 842 -78
136 675 728
477 801 -523
477 375 -118
420 551 -615
224 906 771
671 715 836
501 820 898
819 577 513
627 444 712
821 471 163
49 118 829
358 445 -978
21 673 664
383 77 -255
407 440 -240
635 182 59
284 528 713
407 612 168
651 899 590
129 592 747
58 718 -268
435 28 509
38 609 130
902 815 -601
831 134 308
180 602 -832
11 365 391
125 55 661
124 810 565
591 416 501
856 320 -924
332 179 82
380 211 -652
242 911 392
91 514 41
677 178 528
349 867 -192
37 416 84
27 451 587
445 261 30
616 600 760
125 229 -596
322 852 921
566 763 -715
24 653 358
45 847 -306
255 820 756
785 456 149
164 506 -268
150 672 398
776 251 -844
321 305 -515
357 356 -765
83 424 128
57 870 169
564 217 905
520 550 935
327 201 -518
449 787 759
309 749 -153
638 846 254
282 57 -670
164 791 -477
816 431 176
376 338 -763
424 686 -42
894 322 -435
835 224 -594
556 144 254
279 233 -800
515 730 304
775 251 -780
87 67 -27
223 599 -514
575 466 -444
415 652 -618
664 627 -767
675 293 -708
707 868 -439
147 765 142
670 895 -178
527 227 981
669 377 -108
560 867 -320
143 815 920
755 786 429
797 293 572
722 590 -552
532 755 -264
726 777 -422
67 761 225
647 792 451
140 425 -851
604 188 -129
141 822 239
238 104 -667
93 798 -767
59 842 731
746 816 77
375 820 494
185 901 456
127 70 -256
90 276 589
458 133 129
225 240 112
76 350 -864
60 713 875
391 304 590
58 593 668
321 888 -249
453 671 175
329 533 60
238 444 317
351 429 -519
95 77 484
637 635 704
294 607 28
487 321 792
351 192 -192
166 716 350
305 319 282
189 319 58
721 196 722
560 608 948
585 45 -180
586 96 -150
739 691 887
353 160 -222
878 560 532
175 281 937
315 724 277
40 316 609
399 48 -875
767 698 -746
879 78 37
695 590 978
213 238 145
547 33 703
273 187 1
700 557 949
633 410 418
911 503 245
402 645 307
321 854 -50
370 213 99
135 814 197
904 628 966
770 297 -774
420 378 -130
264 360 591
851 69 833
536 443 82
690 576 -198
465 106 -722
87 765 -837
241 378 -756
93 512 -815
682 892 -447
96 442 131
705 469 170
93 462 -580
839 518 163
691 248 978
84 254 -616
305 344 -966
279 685 44
523 216 365
461 421 148
605 635 -445
748 627 169
580 491 -931
208 279 976
615 548 -944
79 590 892
88 698 628
369 807 693
353 907 54
377 42 987
354 852 543
588 138 -760
362 669 880
827 4 -100
169 873 830
793 636 114
907 868 -396
701 703 57
342 223 560
881 656 -118
200 782 -766
616 522 -201
794 150 -292
115 677 105
602 301 -772
275 560 351
850 393 811
337 640 -221
351 4 -931
288 86 767
684 285 821
233 171 -517
869 256 853
567 38 688
873 357 900
629 337 972
845 595 -693
253 673 456
845 44 -831
12 646 324
146 337 79
302 226 496
573 785 651
310 587 -830
166 666 -890
828 440 294
694 896 979
364 109 -255
593 456 -774
875 261 429
36 207 -144
893 866 503
87 688 -331
633 618 -506
38 661 983
200 834 -823
93 218 -494
553 363 426
471 473 807
781 468 263
877 295 -626
233 225 662
203 384 70
763 164 -24
579 684 -97
803 149 605
170 519 649
905 906 -144
726 128 -531
