979
262 248
222 972
865 543
488 35
630 970
648 809
29 62
318 219
470 702
2 1
785 913
430 781
516 639
645 827
876 141
457 32
357 200
618 14
77 111
809 834
88 55
961 91
116 37
518 742
307 412
537 329
2 373
49 360
26 816
715 85
104 146
302 333
149 54
348 148
684 119
903 201
129 216
763 72
207 95
610 222
231 761
12 98
391 8
132 129
76 94
60 65
79 40
584 106
759 752
349 487
28 82
46 175
631 501
223 5
58 717
104 90
49 20
86 313
186 43
273 226
73 600
3 10
4 347
514 838
778 644
93 181
780 807
165 195
369 629
150 342
347 596
2 5
334 494
68 206
173 137
40 48
295 54
560 632
601 692
670 656
936 35
914 758
888 291
8 234
35 302
21 178
964 24
303 217
510 637
473 324
255 630
879 640
401 267
339 458
42 315
340 190
598 146
812 648
713 379
406 257
69 222
139 58
177 209
24 6
142 306
682 66
7 4
14 44
356 746
781 918
37 471
64 131
88 236
9 226
27 197
133 786
622 725
26 66
177 102
620 433
129 123
214 764
769 336
937 870
46 61
336 98
259 358
19 10
401 654
480 421
508 291
203 8
923 332
7 678
450 842
952 818
60 71
21 153
619 523
226 293
204 517
129 506
15 17
174 825
56 472
414 612
130 256
95 63
276 56
341 136
698 133
61 69
354 830
96 3
189 505
690 431
22 92
490 422
507 287
238 222
500 35
302 805
316 441
863 368
588 750
314 246
723 826
421 793
521 111
371 257
407 36
284 751
288 157
933 867
112 30
122 142
287 32
236 257
83 9
843 48
945 530
714 293
176 47
364 301
432 270
279 42
728 653
680 352
651 389
38 190
194 155
132 337
573 359
586 676
150 965
352 12
744 304
896 95
55 45
402 22
93 82
824 145
70 1
16 440
756 925
770 684
244 49
69 298
28 422
299 80
184 229
552 211
689 897
126 37
32 308
737 281
56 110
23 411
708 15
929 539
102 12
261 623
446 648
258 247
4 3
542 27
668 460
837 9
516 141
388 421
720 123
163 393
2 3
53 510
739 503
187 224
20 107
392 361
174 469
193 274
577 705
211 212
565 646
856 169
657 537
252 290
11 115
152 734
54 723
418 116
21 841
316 49
400 38
72 460
303 859
760 240
894 513
821 831
272 75
255 796
162 103
549 594
883 718
305 803
157 134
233 143
810 665
43 202
304 642
926 56
674 426
88 941
117 204
823 284
42 23
31 259
435 963
622 60
939 450
82 338
483 377
101 54
828 629
188 819
112 882
323 142
5 182
5 58
564 898
801 763
754 911
783 460
663 657
587 214
767 887
791 423
860 26
461 180
855 940
86 77
485 455
137 353
285 55
776 293
53 265
232 691
570 69
56 886
434 381
15 72
565 323
579 421
596 758
30 661
76 509
615 553
140 86
317 442
36 17
3 468
56 397
130 410
455 336
6 2
228 219
691 774
968 665
239 546
268 408
286 63
765 521
962 936
323 446
255 15
91 66
232 35
245 183
574 157
10 38
133 966
148 43
89 675
248 209
76 69
327 18
444 82
248 283
379 227
638 443
289 110
125 749
930 103
180 120
2 16
252 628
77 49
466 184
90 5
848 700
809 927
168 108
199 335
301 187
304 125
275 87
44 117
588 213
87 37
921 237
820 482
959 263
15 100
190 425
470 29
39 673
72 108
225 130
932 742
373 482
934 602
150 103
27 30
214 297
87 227
191 156
788 612
802 247
420 855
330 514
872 862
685 230
951 798
15 12
567 263
322 157
160 414
179 977
51 605
915 762
638 817
917 725
198 7
912 395
23 37
550 649
29 200
356 337
339 290
551 15
956 805
497 438
54 74
776 832
120 390
136 161
14 5
645 869
976 280
773 403
424 303
687 757
697 373
535 247
901 57
180 864
359 931
64 45
916 513
679 63
439 845
105 27
36 199
452 43
727 21
237 633
625 851
777 771
488 847
858 873
386 581
593 116
275 368
967 314
183 107
352 950
70 75
208 98
392 559
204 386
616 595
300 114
811 179
523 283
906 312
752 488
375 800
394 239
31 210
99 28
577 767
39 37
325 871
641 25
208 235
73 280
553 404
813 704
112 731
46 772
403 484
433 426
21 1
590 84
829 218
795 330
576 924
278 262
252 88
173 305
797 366
151 503
472 732
358 382
40 201
64 291
724 468
45 52
753 740
609 283
106 58
151 128
211 19
27 9
647 431
154 949
465 389
216 426
954 420
616 771
263 524
502 306
146 215
337 539
347 363
75 973
699 361
2 13
85 26
902 360
69 185
10 43
396 1
103 72
154 563
643 565
172 115
218 334
359 334
325 346
95 436
175 515
169 171
893 761
784 25
79 351
669 818
45 138
19 68
39 188
338 518
40 80
167 99
366 257
93 124
938 503
31 22
365 311
140 193
147 220
145 109
712 485
571 43
405 543
602 306
28 17
634 32
180 214
582 621
192 107
744 907
448 289
351 491
623 836
363 435
322 389
349 282
261 115
684 754
740 708
721 743
342 409
417 46
513 455
270 689
683 170
331 244
206 733
1 51
109 20
779 459
755 6
658 76
81 231
112 141
455 709
77 169
58 953
979 508
694 661
187 430
437 34
89 413
307 532
614 4
523 557
553 592
288 875
467 175
45 31
586 23
854 841
218 269
134 84
319 228
458 686
790 955
118 38
398 958
347 562
79 726
775 337
511 297
154 37
58 719
593 741
115 707
599 721
89 78
9 22
922 522
158 33
249 152
799 560
601 154
61 164
527 315
55 395
376 100
185 529
664 790
118 196
438 149
143 39
260 26
138 656
765 782
722 102
943 884
946 128
29 32
467 780
277 210
110 928
718 641
636 350
309 399
71 266
892 681
59 53
136 179
857 599
324 220
230 512
66 135
367 122
40 321
12 5
445 100
262 450
178 554
6 9
537 798
561 500
589 82
89 122
571 604
853 317
338 695
583 99
254 31
170 136
975 799
850 190
730 589
312 115
844 621
136 63
375 59
54 10
292 290
419 81
325 202
332 189
362 62
577 969
439 426
201 504
590 700
118 147
64 184
789 452
474 444
443 672
423 653
197 478
895 447
7 858
35 380
415 69
243 701
815 132
666 268
240 151
112 677
499 388
451 192
264 108
641 821
235 540
840 75
109 166
389 534
17 29
34 57
547 234
431 664
263 486
614 745
641 919
354 143
524 582
905 338
34 174
520 325
560 165
577 877
481 338
556 550
297 429
578 340
681 387
748 249
218 52
611 404
792 683
881 58
46 217
549 625
764 870
315 330
16 423
70 163
861 367
177 282
545 258
376 549
326 51
68 862
40 24
568 421
93 874
131 267
398 29
283 447
947 392
28 130
94 617
129 307
240 729
56 189
155 81
18 370
8 453
449 188
549 910
115 525
866 252
703 255
270 710
667 552
41 785
11 624
566 185
746 904
960 319
56 6
125 40
385 108
228 852
75 603
270 427
14 378
885 469
137 44
148 205
11 9
662 79
640 621
348 541
213 165
177 242
944 792
515 696
880 412
114 55
10 113
32 650
463 526
538 467
10 18
878 288
263 345
377 140
128 221
659 794
536 399
353 899
121 48
139 247
10 320
550 613
416 210
33 237
44 165
141 152
442 768
294 79
548 123
328 11
156 787
157 243
296 96
557 564
229 606
74 78
942 666
50 1
591 393
321 372
462 338
867 561
496 338
597 218
128 355
477 46
814 269
490 519
387 240
10 403
489 28
833 522
241 498
331 599
68 133
60 84
547 555
23 5
388 335
504 716
167 384
329 158
8 1
747 612
230 36
920 189
440 456
361 306
294 608
97 30
128 957
8 63
43 660
544 392
32 123
79 889
735 510
11 251
326 971
804 62
365 607
102 493
154 156
531 358
160 72
450 585
252 271
284 217
244 756
495 806
246 190
405 387
569 71
404 71
577 503
163 428
479 389
311 207
374 217
263 86
369 10
884 224
454 14
464 189
754 808
12 53
846 36
27 463
5 60
439 572
420 738
420 103
262 310
704 225
381 377
443 407
241 90
978 21
370 459
77 120
475 103
124 533
520 849
407 688
935 432
631 891
575 180
522 77
671 34
43 253
558 307
102 128
7 20
29 909
711 178
470 492
79 127
217 350
15 34
687 706
369 644
247 344
219 4
35 2
839 148
47 14
309 230
270 175
64 652
39 41
645 336
627 419
312 530
580 378
68 73
549 550
309 495
669 523
189 528
560 948
138 250
383 104
275 900
536 908
46 31
32 33
281 142
162 239
188 595
81 54
703 736
171 268
501 450
25 7
8 26
482 835
317 192
232 626
655 766
187 107
431 131
